1.329888250189539463e+02 1.009391442781567605e+01
8.902743738135161777e+01 8.404825630846247009e+00
1.229261933207964574e+02 5.575474336526824004e+00
8.136558839269034138e+01 1.418972373583718394e+01
1.392472158685218631e+02 6.900057830437084760e+00
1.124073342738332428e+02 1.238553944677143370e+01
1.200040459756136642e+02 1.274618118518586840e+01
1.241173453094750272e+02 1.263139413927057042e+01
1.359378414707675518e+02 5.231352225425863622e+01
1.235637497487017669e+02 5.804610186052835274e+01
7.568760739169388785e+01 7.411291153444789614e+00
9.351943599990113398e+01 2.169091839791105158e+01
7.245127290993062275e+01 3.549280860791856451e+00
6.961861521784949502e+01 1.381325844734761077e+01
9.773672412355253414e+01 4.047035712539187102e+01
1.850443489033388005e+02 4.174684802709617770e+01
1.307544384915357227e+02 5.435197657424244433e+00
1.209546139568388980e+02 1.743089972411902977e+01
2.914811128736234309e+02 1.313631541105325873e+01
1.169862022321747759e+02 1.389774707468667003e+01
1.317756082567791509e+02 1.098318159457074472e+01
1.325941796594118784e+02 2.036857786880474208e+01
8.705295604195298154e+01 1.929746394272416055e+01
1.502261961876980081e+02 5.913577285526702099e+01
7.415143051047790834e+01 7.055393485167057221e+00
8.845978814628665532e+01 1.068599751048420288e+01
