1.066776239381902371e+02
3.773116343831844688e+01
1.505227871983533419e+02
1.707617565879892823e+02
1.542937115309767648e+02
1.035256791484864465e+02
1.792057207402393999e+02
3.758900109287708915e+02
9.555584855983755688e+02
2.725462363984146350e+02
6.004251182523360342e+01
6.004251182523360342e+01
2.984763802231434511e+02
1.175115199875470182e+02
3.390535623321783305e+02
5.598150178727343018e+01
2.481979079329755677e+02
5.801835759165954869e+02
1.139722678494816535e+02
1.800924442119986111e+02
1.865930049598609344e+02
2.644943174633575609e+02
2.104488035310206726e+02
5.284151240614280596e+02
nan
1.049873474860141016e+02
1.680363967362198707e+02
