1.323890200482128705e+02 5.101344865769750214e+01
1.313089367537294549e+02 1.586546875760915754e+01
9.625568022244351596e+01 1.928707944940783037e+01
9.256328013789648423e+01 3.623306779786929610e+00
9.297948196019819989e+01 5.181200617177161405e+00
1.034438139753293200e+02 2.016486813396480571e+01
1.317238630587329737e+02 1.328035139517222518e+01
1.022106932131196686e+02 5.377245889555100078e+00
8.437015909074891340e+01 1.050133532559938487e+01
1.344822739357133514e+02 1.262355058154340526e+01
1.631584125156379343e+02 1.085154691797820803e+01
1.562514548478282279e+02 5.480058375925021608e+01
1.274064665536524501e+02 5.376475373294105253e+01
1.465871598713502237e+02 1.084229101298538467e+01
1.064238978748653466e+02 4.394793894365236042e+00
1.520652719656644365e+02 2.669975671450323773e+01
1.086409399520229613e+02 2.132995081583012720e+01
9.763190369861987961e+01 1.002047295288570439e+01
1.564959764025080347e+02 5.233952149393683584e+01
1.786309078397659391e+02 5.179747020691492310e+01
1.426065653401990971e+02 1.413703571101213186e+01
9.603299635692519587e+01 2.620875492954258590e+01
1.604526568785252607e+02 7.358689899940387136e+01
1.082663190711634229e+02 3.860111570153082283e+01
9.573276824724983669e+01 2.763286052500308454e+00
1.177363051869155584e+02 3.411455859077950237e+01
1.303045933536523648e+02 5.512935423457065554e+01
1.602829905424473509e+02 3.511540836158297907e+01
1.464326428043917190e+02 1.152497950236532986e+01
1.319513493769844672e+02 4.980910880996418655e-01
