2.319673074729301732e+02
5.686214032137467456e+01
1.527529703838914088e+02
4.891116280074452050e+01
1.219744340304511354e+02
1.239255236639645830e+02
6.720748984525326364e+01
1.960108157119957539e+01
3.089527713315064830e+02
1.412543594417129214e+02
5.175198224885630083e+01
2.404183012813086577e+02
1.544549931601156061e+02
4.367806185919025808e+01
5.798934831773081555e+01
8.181945412702962983e+01
1.646461171334788389e+02
3.673509265650135944e+02
1.952533316246087338e+02
5.446760590146669756e+01
5.001049661681033598e+01
3.101515040992732111e+02
1.258969691826122812e+02
4.156326917996742054e+02
2.391435668833134400e+02
4.834468799838695077e+02
5.051832993516282500e+01
2.374520057882056960e+02
2.168353992963168650e+02
1.399614957441862657e+02
1.691363556900088838e+02
6.078712322154789405e+01
3.807636995588124762e+01
1.303944861659368257e+02
1.519997195580375831e+02
5.037206363561951434e+02
1.143022183574753541e+02
4.744576123745355858e+02
1.516244599610257637e+02
3.395195438255233285e+02
8.998412932408540144e+01
