8.485724065527273297e+01 1.741592665758909675e+01
7.460012648968950089e+01 1.440695840345246204e+01
8.815650448778087878e+01 1.104208647156993450e+01
1.247810700546050811e+02 6.074764797997662669e+00
1.212659198611334546e+02 3.107260934454497914e+01
1.329141520209563510e+02 3.657129963206745060e+01
1.203634686331781438e+02 2.974174165483279708e+01
1.045605921038069681e+02 5.359602377195551881e+00
8.334826798700397887e+01 2.095953015765847027e+01
8.408418261490557200e+01 9.567574594497138207e+00
1.765666965712240426e+02 5.171204194719744152e+01
1.037657221010869648e+02 2.651174282708111463e+01
8.844395404384502513e+01 1.361732308456956098e+01
7.759803183221886513e+01 5.637134111311805640e+00
1.157003946093140030e+02 2.849007729054252991e+01
1.205273110197352509e+02 4.193222488795274216e+01
1.892473812545960072e+02 2.600450075751634316e+01
7.884025686557515655e+01 2.131062397846083911e+01
1.565288835809996897e+02 5.095177140608294764e+01
9.390827986322771892e+01 1.618739431725643385e+00
