1.789929059292621361e+01
1.849532205625194763e+02
3.178938202905081312e+02
2.357462010209290781e+02
1.033640795459353825e+02
5.256224027153832594e+02
1.065059423036196193e+02
6.057956089233735497e+01
5.307236202657503554e+01
1.429300543157392269e+02
7.098865767611645197e+02
1.598723613945801389e+02
7.049758590107452960e+01
1.465983370043323930e+02
3.430547610795406399e+02
nan
1.861804152790444675e+02
nan
3.002783291372670647e+02
3.121405239228833466e+02
2.248981268975237811e+02
2.702501751773906449e+02
5.950729883618660665e+01
3.352331764093931952e+02
2.519443224159989541e+02
2.648040668230928532e+02
1.779560600349096831e+02
