9.029191701806550441e+01 2.409074135442239495e+01
1.028945392006875181e+02 3.385444656287344145e+01
2.376311565563777322e+02 3.915462710415681613e+01
6.597716697638328753e+01 2.104112589624575591e+00
2.233070750622614469e+02 9.766971860185535093e+01
1.021642792545758880e+02 2.188071710750305243e+01
1.097578110519239658e+02 1.476050722069537180e+01
1.268433598783320519e+02 2.593950314489023867e+01
2.112161899997300907e+02 5.690108223104954277e+01
1.485096512207822457e+02 6.337085933526451953e+01
7.692630380266051304e+01 6.038893637815554882e+00
7.952742605065397186e+01 1.611275860584488839e+01
7.108204383465113096e+01 6.924915062702438284e+00
5.645815041670918788e+01 7.488240905593443131e+00
9.605117376234248638e+01 3.720960123762046834e+01
7.537340629658953617e+01 1.110435642986421101e+01
9.521607272384929388e+01 4.582703920916448226e+01
1.194953572847391285e+02 5.483936190970954527e+01
5.736588459660842432e+01 9.255337709740070196e+00
6.383676903817141834e+01 7.807648612272935829e+00
1.274654857862110049e+02 5.866180088216638921e+01
2.057831044359512020e+02 9.516026135066941549e+01
9.505093625019574688e+01 2.886344283771940411e+01
7.001652806904759530e+01 6.112604584500182625e+00
