1.241238222720904929e+02
4.810521861011374654e+02
4.789975904811734608e+02
3.139557725227942910e+02
2.943230578014491243e+02
3.235079602984889675e+02
2.030821283801279549e+02
5.716512241948448718e+02
1.198160476412852944e+02
2.441785735222501899e+02
6.840574263110341917e+02
1.277985993533398670e+02
4.460937436285378794e+02
3.590191428911590492e+02
4.075826237928190210e+01
3.543689769738900850e+02
1.945547371095494213e+02
7.050572511427152733e+01
3.369699880873370716e+02
4.202984167680625660e+02
1.211161991291290008e+02
8.213126559508832543e+02
nan
7.829050776736394823e+01
2.240233144520963151e+02
1.483248629456772107e+02
4.703959034952956131e+02
2.538602589671747580e+02
9.564381647761086924e+02
1.133408257783115459e+03
2.144960079601933387e+02
5.718641263439194518e+02
1.374925391580717076e+02
5.746112152885145861e+02
6.777813527455178928e+02
3.743000880623916515e+01
