9.317330518782382853e+01 1.735559310843148850e+01
1.044533549749578327e+02 2.157555804044477554e+00
1.164126226030973328e+02 1.909980957801742107e+01
1.129666309990327164e+02 2.241545311687984210e+01
1.232295381610959168e+02 1.285269108837526097e+01
1.502296835038776237e+02 6.159176223099221659e+01
1.094313281509373610e+02 1.390877087422743230e+01
1.192297218676898183e+02 1.824378989580778665e+01
1.248902198186635530e+02 1.822182000999340801e+00
1.352955888606296924e+02 2.134895320031555244e+01
1.400691458520335004e+02 3.761779301742523529e+01
1.107855904851372770e+02 2.410219075125858978e+00
1.056017557434813057e+02 2.216544647781013566e+00
1.119891856175589453e+02 6.014764095185405779e+00
1.072532886090802435e+02 2.284850648013859953e+00
1.007705164708849566e+02 1.756295982005699940e+01
1.031612867089928613e+02 1.115224048230757425e+01
1.258389985670579563e+02 5.372289001190388547e+01
1.978321382137640967e+02 9.651165947573775838e+01
1.048343775886986151e+02 9.661264780438566291e+00
1.076778645310337055e+02 1.609478327297200906e+01
1.673902865278143963e+02 3.834205924986735425e+01
1.371807090844476420e+02 2.073582163918397825e+01
1.060922734810280588e+02 3.909568261953169088e+00
1.121182244290216659e+02 1.184985250645339683e+01
1.023795615511293988e+02 3.572990887804692761e+00
9.963548912420370129e+01 1.587813139829818887e+01
1.227495975501068273e+02 3.173851909875482136e+01
9.364275263447375153e+01 8.503533784735173739e+00
