6.120688120297076296e+01
3.247264392060315004e+02
6.756488704513560606e+01
4.791756526678328498e+01
2.820792442734261272e+02
4.078183955088491786e+01
3.684645262456945858e+01
1.907048608309078475e+02
4.942572876478604371e+01
1.044946814075318144e+02
2.197491731882866475e+02
1.906970826086700583e+02
1.316225831124949934e+02
1.833891850640834775e+02
8.425532936263560657e+01
2.439705455838783621e+02
1.109267896136279319e+02
5.313597059684018404e+02
1.074548121920089159e+02
2.933813767113867925e+02
1.273006640107531240e+02
9.371537313224682464e+01
9.689087852600621886e+01
5.890915649689901556e+01
4.517177275490103625e+02
2.669834367245477438e+02
3.139858601031477292e+02
3.151539705862674978e+01
5.470376034967110854e+02
4.312522834771242231e+01
4.999753033465588459e+01
5.302425102092166753e+02
4.783253093328610817e+02
6.014748108328445397e+01
4.382296414009707064e+01
2.561688030296350576e+02
1.556494587744512614e+02
1.823519582390981952e+02
