1.165941923106159948e+02 4.435851873537765222e+00
1.196018611102493168e+02 4.879950189724687704e+01
1.417022126646026834e+02 2.676292653973926150e+01
1.199547416637956729e+02 1.914968175007984996e+00
1.527062463131999834e+02 6.588592647479572406e+01
1.626393628213708382e+02 4.874295020726625793e+00
1.332276908553927228e+02 2.635928896479006056e+01
1.204454527085203779e+02 2.412936173321102729e+01
2.204905301433017257e+02 6.614680874657533138e+01
1.188491567025789521e+02 8.051911217811433374e+00
1.471894662519561052e+02 3.861588802977484391e+01
