6.974180906228477284e+01 2.435939750673209403e+01
7.499925910010064456e+01 4.392914751224355818e+00
8.406034299749417471e+01 1.566453490938545201e+01
1.279513160267634504e+02 3.532605544861541347e+01
9.390983219262109571e+01 1.004427555647693104e+01
1.332230235217975292e+02 5.492702996453026998e+01
8.123533496305952895e+01 2.403371794985658028e+01
9.144604139843784196e+01 1.057067520428956620e+01
1.169034780382784930e+02 1.174905909674568960e+01
1.838988497237416766e+02 8.001133105103328091e+01
1.065634209338279703e+02 4.038776124757912100e+01
1.548273734409493443e+02 7.317744865255357922e+01
8.474781062769045548e+01 6.749979388499381727e+00
9.540077287985043597e+01 2.781721359113528358e+00
8.871335718667958758e+01 3.026307327046084694e+01
8.023978828738447078e+01 2.732167756820759408e+01
