1.513641641056453579e+02 1.264853225724582764e+01
1.419565578086001665e+02 4.182411819397979791e+00
1.233344320920300561e+02 3.490858877024206919e+01
1.545883628988339922e+02 6.002424804096797573e+01
1.965358689981017619e+02 9.596770905099344873e+01
1.167796487087343706e+02 4.649231625408860680e+01
1.070745608942648346e+02 1.269806382725448834e+01
9.572416098266654672e+01 1.052052424548228515e+01
1.122982195211842225e+02 3.356414358778971518e+01
1.238357068679928830e+02 4.856633096043341880e+01
8.631639361306108071e+01 9.786238250600305832e+00
1.488232100114963714e+02 4.428688350849691346e+01
1.206801608155172687e+02 4.709760488466507411e+01
