1.627599164735321153e+02 1.397634677261675051e+01
8.366072153873638229e+01 1.058780826404612441e+01
8.794849970294011143e+01 1.856314048678741813e+01
2.286552632983792535e+02 4.796340673560733592e+01
9.509871781173077920e+01 3.626180387833315422e-01
1.209693891196744886e+02 4.411228653292445046e+01
1.036388989440586954e+02 1.519163358983959711e+00
1.417829268543002854e+02 1.408051871444952141e+01
1.077715452301910659e+02 5.128510861816387489e+00
1.154393129760877628e+02 2.710837589997924368e+01
2.021716419731676808e+02 6.836747056425333824e+01
1.545715826296930970e+02 7.502555936403659587e+01
2.048387415935902993e+02 7.795014836411526460e+01
1.427660539080368949e+02 3.210698872838980833e+01
1.971460315562178209e+02 7.234224436108944190e+01
9.570656474176747963e+01 1.373401267725739672e+01
1.944425181365836295e+02 4.065931456806855948e+01
1.349077123792908708e+02 5.318037246928887640e+01
9.122115553609435779e+01 1.798574301765236783e+01
