1.754905489661153410e+02
4.368318496686559627e+01
3.327649204454308318e+01
5.918530637458383836e+01
1.660719101548985748e+02
1.933127518959485656e+02
1.694352247987700650e+02
1.013398588131356490e+02
9.482043316518790732e+01
5.727582823916394545e+02
6.971130174145530134e+01
8.524348797098144814e+01
1.167294776318950227e+02
1.265357534669397239e+02
3.651630520342300770e+02
1.612524588436440354e+02
7.282639955621966976e+01
1.078889538367117439e+03
4.941005221654850175e+02
6.944656400343930613e+01
2.326708728655935374e+02
1.015436405506629001e+02
1.933127518959485087e+02
6.570009939639817276e+02
6.757944723474865611e+01
