7.441928370386064273e+01 2.063015104695434232e+01
1.225322605647114642e+02 5.346364496729588467e+01
7.274896065655273958e+01 2.394506238841524137e+01
1.878806021032998785e+02 6.109938346726610092e+01
1.531464850842543228e+02 2.827521159711179166e+01
1.604872694167622171e+02 5.245361088851804254e+01
1.312460362223664276e+02 6.403885574474797693e+01
8.325420067350981412e+01 2.624653751061416784e+01
1.468941076438389075e+02 5.470889479988608883e+01
1.107504851007822708e+02 5.194047670491215030e+01
1.187280244012870725e+02 6.479371162577255205e+00
7.961672610505253544e+01 1.317095261757790503e+01
9.343518696535282686e+01 2.432031917623111106e+00
8.542569232631097975e+01 4.092112087555403832e+01
8.082670277921479851e+01 3.997899352505708492e+01
1.290763196285475658e+02 6.061301856040298475e+01
1.116091368815850728e+02 7.004491045683906236e+00
9.787688733841267208e+01 3.045911089036525965e+01
1.323920178032239789e+02 5.039560602896019503e+01
1.030817309098241878e+02 3.285170604444801512e+01
1.235363369422867379e+02 4.746634408256080206e+01
1.462893784453195849e+02 5.765359284998226030e+01
1.436844460083329977e+02 6.089026866376602243e+01
1.388905071375658338e+02 1.576493975842189599e+01
