6.467776819145657328e+02
3.815732366427918123e+02
9.753724120397448871e+01
3.901189465841887341e+02
5.456995711444376411e+02
2.988472075808337536e+02
6.676919560159491311e+02
3.395428124725540897e+02
5.664196995412182787e+02
5.431325778514384410e+02
6.455160791296226819e+01
6.365032299140631267e+01
6.858444353992281606e+01
1.706251926968474208e+02
1.743272124863149770e+02
3.643389462036518012e+02
3.523729421227228897e+01
7.725033048250432444e+01
1.225795958564793409e+03
5.408712032090788853e+02
5.879073704584243387e+02
7.950915395359936610e+02
3.194173512053243158e+01
1.262800468972105108e+02
4.647592940960763599e+02
6.018098370844088549e+02
7.435898498699330048e+02
4.352749286759334382e+02
6.310752537504470183e+02
9.272187393972332075e+02
1.155478938952731198e+02
5.289787561432212470e+01
2.662847112833779306e+01
2.064487721476332922e+02
8.425835160072563212e+01
