1.420606662491262773e-01 1.759928060505568381e-01 3.293401999841730765e-01 4.456595124423159415e-01 1.315503430932225726e+01 1.113450974225159984e-01 9.877094948350142456e-01 4.820226118250916514e+00
1.035623281233330750e-01 1.666795386411814017e-01 2.291932561009537017e-01 4.978882879988941745e-01 1.461595557332555551e+01 1.630610233434850453e-01 9.244776779750640827e-01 4.489948982137632605e+00
1.331029407333113868e-01 1.789133573060113502e-01 2.329014559003847462e-01 4.810991780098089476e-01 4.473395739174058860e+00 2.913368473202065934e-01 9.235925671055509323e-01 1.505708188563801286e+00
1.673745097194430653e-01 1.822745063976007607e-01 2.519970909097908884e-01 4.960222176550099782e-01 1.334338087504854720e+01 1.085564292585407681e-01 9.134676278339119992e-01 4.196983833382851969e+00
1.316084798348244322e-01 1.691029253041345937e-01 2.202632687580494963e-01 4.748328214756419308e-01 1.259742555712641732e+01 1.931545479514504837e-01 8.992353029048887336e-01 3.253003316973199333e+00
1.758794214206229334e-01 1.786632834853081053e-01 2.905737885056399739e-01 4.929404796222158769e-01 6.387676094457320097e+00 2.531151025089821704e-01 8.668988557707852927e-01 2.148399700990519801e+00
1.337089495268393713e-01 1.710996949442810111e-01 2.166335927262341698e-01 4.536396335493586562e-01 1.322587390476240721e+01 1.288249922236802125e-01 9.630540328636454372e-01 3.768178512463943530e+00
1.087139875840321124e-01 1.766715086347828423e-01 2.505341939609237456e-01 4.628875395662802039e-01 5.036882201277793847e+00 2.743869701435968089e-01 8.881483956385816114e-01 1.441582794663397227e+00
1.360119828549462284e-01 1.628418192978152435e-01 2.020833839083556183e-01 4.901315633956896956e-01 7.191100701669001616e+00 3.196580544892934084e-01 9.869056405625751260e-01 2.503576886737762575e+00
1.270199378252313827e-01 1.590345172711379873e-01 3.361854304372607904e-01 4.730082322556192209e-01 1.216281781772741155e+01 8.940381699039735841e-02 9.789677069787756647e-01 3.755503216369803887e+00
1.284304146198237129e-01 1.623626467481248670e-01 2.281469262400228071e-01 4.792221603935732932e-01 1.365299865981139504e+01 4.289273793761769205e-01 9.307039238169216855e-01 4.256736493349775330e+00
1.456917118428592839e-01 1.670275211312935160e-01 3.018545989401641982e-01 4.712331705259589221e-01 7.128164831547303848e+00 1.664658558270103450e-01 9.972831341345342882e-01 2.172354685619003245e+00
1.010362273038751674e-01 1.750950964466634896e-01 2.407951810799981163e-01 4.314889933007675094e-01 1.164175848829681570e+01 2.653221974821736717e-01 9.858885062563813584e-01 3.413548160531685305e+00
1.524626578202858407e-01 1.643095150503794954e-01 3.012419529060240131e-01 4.759329597562267367e-01 6.596235792715401836e+00 1.292289668814388948e-01 9.952271964845003094e-01 1.991500384608041241e+00
1.235106923708818027e-01 1.744594209341867042e-01 2.572447802006975759e-01 4.920815012890993323e-01 1.262293502849914439e+01 2.740954126076142749e-01 9.073171503549228856e-01 3.368831282691204798e+00
1.451389797621789324e-01 1.481874531810585538e-01 2.255591471414244431e-01 4.805445874062078682e-01 1.309949898045612393e+01 1.864896898976889927e-01 9.947228203177960193e-01 3.789781702466589852e+00
1.319170972231064609e-01 1.628351024895322019e-01 2.043956375969742112e-01 4.653267332874012618e-01 1.061698729932640362e+01 1.768421429856001370e-01 9.934011960211588388e-01 3.353412455141544068e+00
1.293804401390521441e-01 1.732620086131543002e-01 2.239642268026423022e-01 4.677812783295570709e-01 8.505466389312525521e+00 5.110044436147608282e-01 9.201131299694254029e-01 2.928140814071898745e+00
1.216941691059147401e-01 1.625268473315581996e-01 2.129097531548701516e-01 4.730477474785966807e-01 9.159632735007113169e+00 1.470250934578792856e-01 9.402636564035014022e-01 2.431191344723005354e+00
1.509802136097563030e-01 1.676941729397372627e-01 2.039458418248720761e-01 4.700465283276786810e-01 2.562747679129665279e+00 2.598753185270410992e-01 9.408342124630066916e-01 1.018057869539236826e+00
1.182756343738992216e-01 1.688275975024170483e-01 2.241636894421445980e-01 4.984636844335155192e-01 6.987513692777501007e+00 4.599763804991167659e-01 9.791438588102243656e-01 3.124145114007582436e+00
1.388743635772514140e-01 1.775528164041694501e-01 3.061822167871645628e-01 4.606513862894021649e-01 1.491185645993973807e+01 1.285022342071129864e-01 9.264964648452596041e-01 4.389031868800813641e+00
1.404623200103532477e-01 1.661570893574277896e-01 2.988515346208828749e-01 4.688283955524887858e-01 1.486227176626214153e+01 2.132064418924984883e-01 9.305207887768329744e-01 4.323612729259266985e+00
1.288247971710173301e-01 1.765467066275501484e-01 2.934875865654972271e-01 4.896601734081659218e-01 1.061476605346241620e+01 1.157417375095944612e-01 9.344271082850534871e-01 3.797716428535976352e+00
1.507317984258334798e-01 1.656120316549588856e-01 2.189002971398227304e-01 4.903415705724762375e-01 8.695665569860734578e+00 2.892613863111776484e-01 9.237780111613780321e-01 2.804039190645025492e+00
1.460424881716829160e-01 1.791976169202106894e-01 2.914584170982412181e-01 4.925554244887044852e-01 5.237153788498517315e+00 2.325857444150429831e-01 9.269058415824269481e-01 1.937896624006985036e+00
1.611720925199290333e-01 1.726746482815949002e-01 2.621217870689583895e-01 4.551465885630676111e-01 6.964616453248416050e+00 1.475464540699701343e-01 9.936119137778636201e-01 2.570445328870365920e+00
1.477743898865044592e-01 1.768460257876169339e-01 2.929875613014615854e-01 4.782805588842544697e-01 7.969636592584143919e+00 2.914404238379651457e-01 9.456285614027777342e-01 3.011054964557184022e+00
1.504318620952243002e-01 1.783656659542010581e-01 2.990201562927347068e-01 4.846345224567818466e-01 1.223824429351640930e+01 1.533884637788170413e-01 9.277201831129238130e-01 3.913421914102733101e+00
1.238952227595269406e-01 1.830816600570553121e-01 2.467540650761840537e-01 4.692849547852869230e-01 3.356243285787779307e+00 2.455542463820428734e-01 8.500317620401600660e-01 1.114467404993412458e+00
1.466986654645684174e-01 1.646123678406354041e-01 3.097190140381976264e-01 4.832248613798842407e-01 1.239306989502082246e+01 8.465118880714098126e-02 9.898786854298611271e-01 4.714370995469661096e+00
1.113174048912246722e-01 1.714738453411899788e-01 2.026278880075772781e-01 4.801482196642203881e-01 1.112589283139003804e+01 4.422787662685999654e-01 9.601890105935237951e-01 3.979578319424048161e+00
1.109578641304353880e-01 1.770302379829556960e-01 2.938683275601162159e-01 4.764859407725541840e-01 1.172103883064959184e+01 2.582246225010621510e-01 9.590034978184081016e-01 4.117073981015273887e+00
1.302870624147319523e-01 1.818867575210595944e-01 2.466574600984666188e-01 4.829507478470713155e-01 1.235002135126828371e+01 1.584343935958824612e-01 8.082510221341441259e-01 2.922210976605977617e+00
1.340744643302309025e-01 1.570471051483619818e-01 2.099370073166051398e-01 4.941545626894036092e-01 6.918689358133454981e+00 5.061347906169240407e-02 9.999171600988983055e-01 1.881286240540356314e+00
1.199946327253352540e-01 1.775753781142194732e-01 2.196582579167441207e-01 4.794162190697254800e-01 1.043136917652745765e+01 5.761786508037928384e-02 9.353748252326152812e-01 3.328239801825136457e+00
1.032383234151629248e-01 1.762512549020155139e-01 2.444442993034361411e-01 4.805001760897327778e-01 5.167703587514085761e+00 3.423524717112538807e-01 9.756953300959574360e-01 1.730836370359864151e+00
1.486209335455208058e-01 1.740326554281909355e-01 2.560607142893219779e-01 4.986696149903872555e-01 5.875295616626213580e+00 5.435893062299606421e-02 9.349108484742971736e-01 2.009411993024109222e+00
1.188894993585777188e-01 1.773239016540432977e-01 2.893407185765760614e-01 4.967068410941203327e-01 7.544293376314056943e+00 1.782564362129341884e-01 9.036358465479816804e-01 2.326753753975296046e+00
1.017529288356100597e-01 1.702902648104014371e-01 3.362493657445572159e-01 4.874563492858381974e-01 3.900061376128768131e+00 9.188735329574077015e-02 8.703978137227277312e-01 1.121681629554565518e+00
1.098873352274637727e-01 1.633882428957348087e-01 3.082540274491205601e-01 4.955691981540585322e-01 5.570115456774127338e+00 6.119426186188865052e-02 9.765375387824004605e-01 1.767916629046202281e+00
1.464746577392651850e-01 1.779125778993286833e-01 2.257697089302262983e-01 4.995850420492881083e-01 1.340885445082304983e+01 4.046879272835232078e-01 8.518809166014624790e-01 4.694433703529327317e+00
1.425917758921420309e-01 1.794070780762026529e-01 3.452868896659873066e-01 4.865050409076656646e-01 1.314746531380999706e+01 9.260006843891631367e-02 9.719040955598077236e-01 4.743833362638490314e+00
1.279591649155999988e-01 1.634532548629892279e-01 2.082600885182706585e-01 4.781988056546393473e-01 5.300083214855469294e+00 5.628394646298263970e-02 9.477787037402505277e-01 1.529808736219298915e+00
1.302940711084776548e-01 1.753740151253310453e-01 2.650057137646152361e-01 4.770084026970411450e-01 9.258016819873427394e+00 1.082089481188198699e-01 9.858730067496821459e-01 2.843545504992904593e+00
1.063617154849381685e-01 1.756120872920249321e-01 2.051099326614120033e-01 4.706858619782840480e-01 6.202554543435579326e+00 2.844329228834715506e-01 9.583221078017514216e-01 2.027409879049407504e+00
1.347972140756207582e-01 1.717677698236084183e-01 2.534207569389459458e-01 4.768296573860444920e-01 6.396111925716975399e+00 2.083741314286895463e-01 9.901156178316958822e-01 1.925936114143330435e+00
1.002889286692215109e-01 1.531404256089313742e-01 2.262622868486101613e-01 4.533751179883441784e-01 7.440409487537864131e+00 5.557877627609662113e-02 9.868207119286809270e-01 1.853747159714635995e+00
1.348989946975374943e-01 1.623449923752093293e-01 2.535081757284395887e-01 4.777401776405413858e-01 3.339919946304591214e+00 1.261923344770608246e-01 9.773167522281553943e-01 1.040250370171927230e+00
1.003896709168733969e-01 1.664504083375800136e-01 2.458650702792291309e-01 4.987087917840412055e-01 1.355586855001424595e+01 5.081149941260728470e-02 9.459403660986560602e-01 3.967086741712498643e+00
