1.388991246132559922e+02 4.016764691292635803e+00
1.570369432080205740e+02 1.298206081738483775e+01
1.367491062334573257e+02 3.154223991106889002e+00
1.621324327957428864e+02 1.033524713945004336e+01
1.262974108880455901e+02 1.210660828874979345e+01
9.589512043068008040e+01 1.155814113893179496e+01
1.160212120359041990e+02 1.491252428466558300e+01
1.312455216858491553e+02 4.375601142817555633e+00
9.710551503429897480e+01 5.510275458786336955e+00
1.250141003109233964e+02 2.697193415658260207e+01
