1.077732889977232276e+02 3.451547128218208638e+00
1.173069572899762534e+02 4.540430344508833116e+01
1.171803452174468276e+02 1.403683833260776304e+01
8.863570085779171848e+01 2.176826445947108368e+01
1.466244294630549518e+02 1.706692194308878285e+01
1.318406938258320906e+02 5.552648582313779002e+00
1.470138591430724659e+02 2.082118170128854118e+01
1.297421064600772809e+02 6.606286810888897243e+00
1.312850166370134843e+02 5.315041257815484954e+01
1.194597985782858842e+02 1.064877200513678090e+01
1.292861143453560260e+02 5.083194380612485741e-01
1.115547339286279112e+02 9.251368447895584879e+00
1.485019361326345688e+02 2.040630954145275400e+00
