2.329877992592267617e+02 9.524163412097472303e+01
1.031246028427108854e+02 1.189776071850755557e+01
1.691979744411223692e+02 6.306133527631720170e+01
1.312482886495449463e+02 2.580202356219110627e+01
9.780022937124365967e+01 6.109798187068244957e+00
1.228395924069816942e+02 4.699924875274149372e+01
1.258664854228567975e+02 4.766863373418283700e+00
2.203370922107894216e+02 7.157394605865515302e+01
1.119862664644381738e+02 8.078029408823498514e+00
1.021832299676511866e+02 4.539358191776778995e+01
1.732569827160008060e+02 8.529739727462079202e+01
