4.372008273191717649e+02
6.567758650288449189e+02
9.939832779618365066e+02
1.477605900467507922e+02
7.762132992154148496e+02
1.154658272988976648e+02
1.090516163923436892e+02
5.385158024342207455e+02
1.834587334121960964e+02
3.745364188473781724e+02
5.547323596284541054e+02
5.151550045320848312e+02
2.132547019004272499e+02
5.550248985489427014e+02
3.642090094497458495e+02
4.187145281056723434e+02
5.057182186390305105e+02
2.386464235205227737e+02
5.628014150244703160e+02
5.244764320961488693e+02
6.574354274062638126e+01
9.966936489048667625e+01
