1.240465634416200373e+02 9.845470725380067734e-02
1.086097063380360623e+02 1.745191130992314044e+01
1.224247250927453052e+02 2.766696409946852953e+01
1.080167887968197675e+02 1.913872386204592502e+01
1.596537970505988824e+02 6.047093319333916384e+01
8.924476586606888873e+01 1.735825143426610140e+01
1.370029972464830053e+02 4.467532519592362661e+01
1.321966361422976490e+02 8.584071325123160179e+00
1.283202979119594715e+02 1.355111891851211148e+01
1.051983609497987970e+02 1.985248387977831896e+01
8.960787036979874642e+01 4.346615714569990629e+00
