1.462284187504661759e+02 9.455366685147267303e-01
9.132716570339326267e+01 1.747972625656584000e+01
1.527210198565925623e+02 1.844210801192951621e+01
1.570147043443728592e+02 6.891269642453051070e+00
1.345455465585513082e+02 7.395598740846411445e+00
1.110144742005342238e+02 5.585718318168024332e+00
1.363699697993903328e+02 3.042168421605360962e+01
1.353419497568223164e+02 5.169686308169818112e+00
1.203862809859471383e+02 1.199182194499091736e+01
2.319712236784660604e+02 6.941193728012225961e+01
1.605462701676372603e+02 6.950299720618799881e+01
1.115077376212341420e+02 9.185310556727230846e+00
