8.214014560866444015e+01 1.931600360325332133e+01
8.791840861491948544e+01 4.824542794888744268e+00
8.732949180412005319e+01 7.066948312346894134e+00
6.429190428336124796e+01 2.774824135151092719e+00
8.780335121540727528e+01 4.614900727660248059e+00
8.231370361313928186e+01 1.866573317657017839e+01
5.875470148958883954e+01 8.116664208818415105e+00
1.248536464543962126e+02 3.028120630407885017e+01
1.353199415232440117e+02 7.028947275010689388e+00
1.223971774783639148e+02 4.075693309496188022e+00
1.055628102388736949e+02 3.803959108156095681e+01
8.387120201545157272e+01 1.841071360679836388e+01
8.162711977958269927e+01 8.771687596565731937e+00
1.141123796659390166e+02 1.012390247700922785e+01
1.258951002665973675e+02 4.581489251622973313e+01
6.324639101214745551e+01 1.290119035261952618e+01
6.802747648547487813e+01 3.119349106990652842e+01
1.093002333519339260e+02 1.646232716824910725e+01
1.003632554390016765e+02 1.205606098402838455e+01
