6.790642341823313473e+02
6.759670737782688548e+02
2.038927985025953262e+02
3.085364368937854920e+02
1.570909856357331194e+02
1.776894538913696806e+02
6.605274530535463100e+02
5.192681788305828405e+01
6.320208069495020027e+02
1.746666053203402100e+02
1.764735263023620178e+02
1.372616788946435236e+02
4.517506439043103796e+02
3.091924891909572466e+02
1.139464298983577208e+02
3.627557094405017324e+02
8.043031638682840878e+01
1.100120352586945955e+02
6.622991717270625145e+01
4.545706236262401490e+02
3.958708534539372295e+02
2.476889394050104158e+02
