1.567849627607857883e+02 4.073710611989872632e+01
1.475138151707026850e+02 4.130973794312457414e+01
9.620362269393487509e+01 1.125939544683973459e+01
1.037117923728599038e+02 1.992430757628373783e+01
1.532928979260657343e+02 3.870897099399002173e+01
1.572434356696447537e+02 5.430697010219527243e+01
1.029838235948272711e+02 2.093884583313035108e+01
1.214960830860511152e+02 4.775295436705280849e+01
9.135178044902284000e+01 8.153299890148884899e+00
6.952844400909073386e+01 1.466748126960428067e+01
7.060266173591259076e+01 2.128010816997516130e+01
1.124025184147677408e+02 4.123393415059180001e+01
