1.377275428718982369e+02 6.062039418960441850e+01
9.655514156457878983e+01 1.512176613274007231e+01
2.324234728712798130e+02 7.916544386023362279e+01
1.177079487153827841e+02 6.711100586545972746e+00
9.524065094146845922e+01 1.384735717451252768e+01
1.156103518582212928e+02 3.230469386004075716e+01
1.261249946641159312e+02 6.568872295309942544e+00
2.010006461236088171e+02 6.315907172211298359e+01
9.448405084261938214e+01 2.615371116070744151e+01
8.708129955206929651e+01 8.745093820394222561e+00
1.033483450397743724e+02 2.940552665069945348e+01
9.006091996596404670e+01 1.938017535434237004e+01
1.139954237634425169e+02 6.904337770032619837e+00
9.384887818404052950e+01 7.540801556767128488e+00
8.801352321880825968e+01 8.511003527403918412e+00
1.084381384867807583e+02 6.516483238465617944e+00
