7.431946714842445090e+01 1.594318437702160374e+01
1.259447047470804648e+02 1.744206523347731519e+01
1.551559264673277312e+02 5.320259724486533948e+00
1.410699850648610720e+02 5.191171674230619004e+01
1.299819923260096459e+02 1.934006641955820366e-02
1.589898654760697525e+02 4.411205059404007756e+00
1.367409583682937466e+02 4.105689325178544458e+00
9.963029521760603302e+01 1.359593651808654968e+01
1.265455373919728146e+02 6.967549001022020683e+00
8.550419334060536869e+01 2.049871110656032158e+01
1.457317033193402267e+02 1.902067475925869999e+01
1.207181122068939487e+02 1.401299081586539685e+01
1.292362910174287265e+02 7.758094386859935909e+00
1.579243371103810603e+02 4.018272321913364031e+00
