2.464033581387953689e+02 7.343529423276324053e+01
7.399517462335926155e+01 1.318285586449136204e+01
2.013861493002445400e+02 4.819333723300722028e+01
8.315694930241565430e+01 6.086666448959172193e+00
8.048048937812387749e+01 1.511063265826201985e+00
9.697643327834181548e+01 6.546107613904050382e+00
1.155750322589764068e+02 2.990145567399832416e+01
9.842995679860936775e+01 2.648029178226693148e+01
9.083371373608727595e+01 6.629182726121237046e+00
1.085620953185572688e+02 1.923517492354327985e+01
8.033488084456269007e+01 1.659018882484247337e+00
8.676818336790971387e+01 4.576263810939654064e+00
9.569708006202948525e+01 1.710301184525640039e+01
6.746700110090874603e+01 7.774834982671918304e+00
1.142271198263318581e+02 7.424291192894716396e+00
1.268859995480907514e+02 4.333315270853638879e+00
6.377343430574647698e+01 1.108422384125765880e+01
1.047101818049479363e+02 4.121890363221490361e+01
1.190510946851608338e+02 4.191428804498923455e+01
1.521568981165531511e+02 7.145444615095863128e+01
9.031121075477618376e+01 7.496867997318211962e+00
1.135920828819355251e+02 5.028505916412687071e+01
