1.176888420838059517e+02
4.447154824599131757e+02
4.372771700304876390e+02
5.014069167559426887e+01
8.338856065294541509e+01
5.787308243423422738e+01
3.906067001215378696e+02
3.266378628487301512e+02
1.929895923467241516e+02
5.131360041955066436e+02
1.306906515343092678e+01
1.399814122519573800e+02
4.578288836688109598e+01
6.552870644072570485e+02
3.205096385281024141e+02
2.824670005583143393e+02
1.678866111937522021e+02
5.217438526621305783e+01
4.847897238895446321e+02
5.866725046692541810e+02
6.193053827198451700e+02
1.770128334479160458e+03
2.677918573594167242e+02
8.589873211098212096e+02
