9.257309154406269158e+01 2.381929756295611433e+00
1.051986395717732137e+02 1.523760164057750544e+01
1.174933183000450185e+02 8.233925637193028280e+00
1.256140302638661268e+02 1.035404757894531080e+01
1.429250183454767864e+02 1.275549668085403709e+00
9.927100878652744598e+01 1.918009243132572905e+01
1.217316228766639767e+02 1.621159667733313370e+01
1.523767276539548732e+02 3.767572442495650620e+01
8.038601075353885506e+01 9.578098732897489143e+00
9.871795920496754206e+01 1.173949672724644344e+01
7.966829846944443716e+01 1.144100183219206279e+01
1.015042121944168656e+02 5.427168454792703045e+00
5.465691193579788631e+01 1.920352479568620652e+01
1.067059729860900745e+02 4.595597978103369030e+01
7.767952977841186168e+01 6.065373578099920948e+00
9.804620370037692112e+01 4.814142926666631439e+01
8.236576805786660316e+01 4.596966286554274639e+00
7.223217894833716457e+01 6.507660792002776695e+00
1.091401444836694026e+02 9.081322941528107151e+00
1.473410459705642666e+02 2.147444472416777117e+01
6.995895618746781963e+01 1.635027203465036649e+01
1.357591648175406931e+02 3.578312434741849302e+01
1.012126031636911137e+02 3.223054736331694414e+01
1.152523827206416627e+02 4.580178475206226096e+01
1.283755476249951926e+02 1.544821024944659982e+01
1.313279724970842040e+02 6.179626695674688364e+01
1.134778507245362533e+02 9.755195293141486701e+00
