2.930215804608691315e+02
6.812058490997527542e+02
7.413804788203849512e+02
1.905987901515830458e+02
2.132618672744777371e+02
1.778183056055663371e+02
9.929739804692454186e+01
7.251191722621777558e+01
1.789445965508465122e+02
4.082267178323636472e+02
8.018861069214261761e+02
2.793187908890645303e+02
4.368485765864527934e+02
1.817973728368202728e+02
3.608719819679300258e+02
1.295767498640622648e+02
5.767028930099900208e+02
1.283619107517218652e+02
1.850190738248267337e+02
1.910071044030222822e+02
4.850241815180749541e+02
1.974460123716154385e+02
2.000886501111831990e+02
2.498994584283553877e+01
5.694380303278110489e+01
1.821767621938166712e+02
3.740145795349819196e+02
6.573286224603106120e+01
3.114841486660810688e+02
3.958449397835532864e+02
2.528592672851086149e+02
nan
5.767601537922043775e+01
4.968851098297997737e+02
2.756237570661049858e+02
