1.208823529411764639e+02 0.000000000000000000e+00
1.226470588235294201e+02 3.230710756366399336e-04
1.244117647058823479e+02 6.461421512732798671e-04
1.261764705882353041e+02 6.461421512732798671e-04
1.279411764705882320e+02 1.292284302546570143e-03
1.297058823529411598e+02 6.461421512732746630e-04
1.314705882352941160e+02 1.615355378183212570e-03
1.332352941176470722e+02 6.461421512732746630e-04
1.350000000000000000e+02 0.000000000000000000e+00
1.367647058823529278e+02 1.615355378183186549e-03
1.385294117647058840e+02 1.938426453819854997e-03
1.402941176470588402e+02 2.261497529456461212e-03
1.420588235294117680e+02 1.938426453819854997e-03
1.438235294117646959e+02 5.815279361459564991e-03
1.455882352941176237e+02 4.522995058912922424e-03
1.473529411764706083e+02 7.430634739642658949e-03
1.491176470588235361e+02 8.399847966552704409e-03
1.508823529411764639e+02 1.259977194982905835e-02
1.526470588235293917e+02 1.647662485746850120e-02
1.544117647058823763e+02 2.067654884074478921e-02
1.561764705882353041e+02 2.455340174838482881e-02
1.579411764705882320e+02 3.166096541239096784e-02
1.597058823529411598e+02 3.166096541239045437e-02
1.614705882352941160e+02 4.426073736222002619e-02
1.632352941176470722e+02 5.104522995058868862e-02
1.650000000000000000e+02 4.555302166476659503e-02
1.667647058823529278e+02 5.201444317749860657e-02
1.685294117647058840e+02 5.427594070695594686e-02
1.702941176470588402e+02 3.941467122766974945e-02
1.720588235294117680e+02 3.424553401748410553e-02
1.738235294117646959e+02 2.939946788293447064e-02
1.755882352941176237e+02 2.261497529456461125e-02
1.773529411764706083e+02 1.259977194982885539e-02
1.791176470588235361e+02 3.876852907639709994e-03
