1.208823529411764639e+02 2.171136653895273645e-04
1.226470588235294201e+02 0.000000000000000000e+00
1.244117647058823479e+02 3.256704980842910603e-04
1.261764705882353041e+02 3.256704980842910603e-04
1.279411764705882320e+02 4.342273307790581985e-04
1.297058823529411598e+02 4.342273307790512596e-04
1.314705882352941160e+02 7.598978288633518067e-04
1.332352941176470722e+02 8.684546615581025192e-04
1.350000000000000000e+02 6.513409961685873249e-04
1.367647058823529278e+02 1.194125159642390761e-03
1.385294117647058840e+02 2.171136653895290938e-03
1.402941176470588402e+02 1.954022988505730099e-03
1.420588235294117680e+02 2.279693486590055745e-03
1.438235294117646959e+02 3.799489144316759576e-03
1.455882352941176237e+02 5.753512132822428092e-03
1.473529411764706083e+02 6.513409961685767864e-03
1.491176470588235361e+02 9.010217113665456440e-03
1.508823529411764639e+02 1.053001277139216027e-02
1.526470588235293917e+02 1.378671775223487724e-02
1.544117647058823763e+02 1.878033205619396295e-02
1.561764705882353041e+02 2.149425287356338324e-02
1.579411764705882320e+02 2.681353767560684317e-02
1.597058823529411598e+02 3.234993614303931231e-02
1.614705882352941160e+02 3.864623243933618113e-02
1.632352941176470722e+02 4.429118773946322252e-02
1.650000000000000000e+02 5.015325670498122640e-02
1.667647058823529278e+02 5.167305236270709062e-02
1.685294117647058840e+02 5.080459770114981177e-02
1.702941176470588402e+02 4.657088122605324010e-02
1.720588235294117680e+02 4.027458492975764803e-02
1.738235294117646959e+02 3.560664112388277347e-02
1.755882352941176237e+02 2.703065134099593911e-02
1.773529411764706083e+02 1.476372924648774142e-02
1.791176470588235361e+02 6.404853128991108008e-03
