1.208823529411764639e+02 0.000000000000000000e+00
1.226470588235294201e+02 8.113783886979759289e-05
1.244117647058823479e+02 0.000000000000000000e+00
1.261764705882353041e+02 8.113783886979759289e-05
1.279411764705882320e+02 0.000000000000000000e+00
1.297058823529411598e+02 0.000000000000000000e+00
1.314705882352941160e+02 1.622756777395965139e-04
1.332352941176470722e+02 0.000000000000000000e+00
1.350000000000000000e+02 3.245513554791930278e-04
1.367647058823529278e+02 2.434135166093908135e-04
1.385294117647058840e+02 6.491027109583860557e-04
1.402941176470588402e+02 6.491027109583755389e-04
1.420588235294117680e+02 1.054791905307377259e-03
1.438235294117646959e+02 1.703894616265763315e-03
1.455882352941176237e+02 2.758686521573096122e-03
1.473529411764706083e+02 3.813478426880456251e-03
1.491176470588235361e+02 7.545819014891237166e-03
1.508823529411764639e+02 1.038564337533417689e-02
1.526470588235293917e+02 1.501050019091243297e-02
1.544117647058823763e+02 1.874284077892309636e-02
1.561764705882353041e+02 2.758686521573140704e-02
1.579411764705882320e+02 3.140034364261191924e-02
1.597058823529411598e+02 3.797250859106496290e-02
1.614705882352941160e+02 4.024436807941993155e-02
1.632352941176470722e+02 5.063001145475329312e-02
1.650000000000000000e+02 5.314528445971784809e-02
1.667647058823529278e+02 5.192821687667004138e-02
1.685294117647058840e+02 5.054887361588430994e-02
1.702941176470588402e+02 5.087342497136268515e-02
1.720588235294117680e+02 3.821592210767497250e-02
1.738235294117646959e+02 3.083237877052333320e-02
1.755882352941176237e+02 2.158266513936598491e-02
1.773529411764706083e+02 1.371229476899568298e-02
1.791176470588235361e+02 4.787132493318096808e-03
