1.208823529411764639e+02 0.000000000000000000e+00
1.226470588235294201e+02 1.085568326947636823e-04
1.244117647058823479e+02 3.256704980842910603e-04
1.261764705882353041e+02 3.256704980842910603e-04
1.279411764705882320e+02 4.342273307790581985e-04
1.297058823529411598e+02 9.770114942528650495e-04
1.314705882352941160e+02 7.598978288633518067e-04
1.332352941176470722e+02 1.085568326947627905e-03
1.350000000000000000e+02 1.302681992337174650e-03
1.367647058823529278e+02 1.411238825031916472e-03
1.385294117647058840e+02 2.279693486590055745e-03
1.402941176470588402e+02 2.062579821200493171e-03
1.420588235294117680e+02 4.667943805874875431e-03
1.438235294117646959e+02 3.582375478927229961e-03
1.455882352941176237e+02 7.381864623243870709e-03
1.473529411764706083e+02 5.862068965517191164e-03
1.491176470588235361e+02 8.141762452107341452e-03
1.508823529411764639e+02 1.215836526181362891e-02
1.526470588235293917e+02 1.910600255427825217e-02
1.544117647058823763e+02 2.138569604086827322e-02
1.561764705882353041e+02 2.355683269476390590e-02
1.579411764705882320e+02 2.952745849297595468e-02
1.597058823529411598e+02 3.701787994891411054e-02
1.614705882352941160e+02 3.973180076628382573e-02
1.632352941176470722e+02 4.711366538952705546e-02
1.650000000000000000e+02 4.657088122605398950e-02
1.667647058823529278e+02 4.700510855683229239e-02
1.685294117647058840e+02 4.385696040868487799e-02
1.702941176470588402e+02 4.298850574712606565e-02
1.720588235294117680e+02 4.049169859514717418e-02
1.738235294117646959e+02 3.028735632183930659e-02
1.755882352941176237e+02 2.572796934865878224e-02
1.773529411764706083e+02 1.487228607918250449e-02
1.791176470588235361e+02 4.559386973180111491e-03
