1.208823529411764639e+02 0.000000000000000000e+00
1.226470588235294201e+02 0.000000000000000000e+00
1.244117647058823479e+02 0.000000000000000000e+00
1.261764705882353041e+02 0.000000000000000000e+00
1.279411764705882320e+02 6.483600305110651433e-05
1.297058823529411598e+02 6.483600305110548434e-05
1.314705882352941160e+02 0.000000000000000000e+00
1.332352941176470722e+02 6.483600305110548434e-05
1.350000000000000000e+02 0.000000000000000000e+00
1.367647058823529278e+02 0.000000000000000000e+00
1.385294117647058840e+02 6.483600305110651433e-05
1.402941176470588402e+02 1.296720061022109687e-04
1.420588235294117680e+02 3.890160183066390860e-04
1.438235294117646959e+02 5.835240274599586561e-04
1.455882352941176237e+02 1.296720061022109361e-03
1.473529411764706083e+02 2.009916094584269716e-03
1.491176470588235361e+02 4.214340198321923567e-03
1.508823529411764639e+02 5.446224256292948179e-03
1.526470588235293917e+02 7.780320366132656602e-03
1.544117647058823763e+02 1.322654462242551718e-02
1.561764705882353041e+02 1.484744469870339159e-02
1.579411764705882320e+02 1.945080091533195332e-02
1.597058823529411598e+02 2.995423340961073100e-02
1.614705882352941160e+02 3.553012967200637473e-02
1.632352941176470722e+02 4.402364607170061728e-02
1.650000000000000000e+02 5.485125858123611475e-02
1.667647058823529278e+02 6.165903890160130685e-02
1.685294117647058840e+02 6.872616323417291007e-02
1.702941176470588402e+02 6.366895499618557830e-02
1.720588235294117680e+02 5.070175438596529610e-02
1.738235294117646959e+02 3.870709382151059363e-02
1.755882352941176237e+02 2.774980930587314307e-02
1.773529411764706083e+02 1.653318077803189734e-02
1.791176470588235361e+02 4.927536231884094980e-03
