1.208823529411764639e+02 0.000000000000000000e+00
1.226470588235294201e+02 8.113783886979759289e-05
1.244117647058823479e+02 0.000000000000000000e+00
1.261764705882353041e+02 8.113783886979759289e-05
1.279411764705882320e+02 0.000000000000000000e+00
1.297058823529411598e+02 8.113783886979694237e-05
1.314705882352941160e+02 0.000000000000000000e+00
1.332352941176470722e+02 1.622756777395938847e-04
1.350000000000000000e+02 1.622756777395965139e-04
1.367647058823529278e+02 4.868270332187816271e-04
1.385294117647058840e+02 9.736540664375789751e-04
1.402941176470588402e+02 1.135929744177157329e-03
1.420588235294117680e+02 2.028445971744956451e-03
1.438235294117646959e+02 3.488927071401324697e-03
1.455882352941176237e+02 4.543718976708629315e-03
1.473529411764706083e+02 7.383543337151522203e-03
1.491176470588235361e+02 1.144043528064155220e-02
1.508823529411764639e+02 1.793146239022541319e-02
1.526470588235293917e+02 2.182607865597537694e-02
1.544117647058823763e+02 3.164375715922080473e-02
1.561764705882353041e+02 4.089347079037831956e-02
1.579411764705882320e+02 4.835815196639976082e-02
1.597058823529411598e+02 5.265845742649821054e-02
1.614705882352941160e+02 5.103570064910309401e-02
1.632352941176470722e+02 5.030546009927410606e-02
1.650000000000000000e+02 4.584287896143600383e-02
1.667647058823529278e+02 4.211053837342460665e-02
1.685294117647058840e+02 3.586292478045082638e-02
1.702941176470588402e+02 3.010213822069466444e-02
1.720588235294117680e+02 2.442248949980927245e-02
1.738235294117646959e+02 1.768804887361601769e-02
1.755882352941176237e+02 1.533505154639162177e-02
1.773529411764706083e+02 7.140129820542131037e-03
1.791176470588235361e+02 1.460481099656368463e-03
