1.208823529411764639e+02 0.000000000000000000e+00
1.226470588235294201e+02 0.000000000000000000e+00
1.244117647058823479e+02 1.067973363487874865e-04
1.261764705882353041e+02 0.000000000000000000e+00
1.279411764705882320e+02 0.000000000000000000e+00
1.297058823529411598e+02 1.067973363487866327e-04
1.314705882352941160e+02 1.067973363487883539e-04
1.332352941176470722e+02 3.203920090463598710e-04
1.350000000000000000e+02 3.203920090463650209e-04
1.367647058823529278e+02 2.135946726975732654e-04
1.385294117647058840e+02 1.174770699836671798e-03
1.402941176470588402e+02 7.475813544415064018e-04
1.420588235294117680e+02 2.135946726975767023e-03
1.438235294117646959e+02 4.058298781253956607e-03
1.455882352941176237e+02 4.485488126649038627e-03
1.473529411764706083e+02 9.611760271390797430e-03
1.491176470588235361e+02 1.228169368011065854e-02
1.508823529411764639e+02 1.890312853373553661e-02
1.526470588235293917e+02 2.125266993340853630e-02
1.544117647058823763e+02 3.139841688654326779e-02
1.561764705882353041e+02 3.951501444905168581e-02
1.579411764705882320e+02 4.474808393014231833e-02
1.597058823529411598e+02 4.720442266616368954e-02
1.614705882352941160e+02 5.115592411106961723e-02
1.632352941176470722e+02 5.115592411106879150e-02
1.650000000000000000e+02 5.233069481090629055e-02
1.667647058823529278e+02 4.036939313984134331e-02
1.685294117647058840e+02 3.588390501319288495e-02
1.702941176470588402e+02 3.150521422289205564e-02
1.720588235294117680e+02 2.178665661515282251e-02
1.738235294117646959e+02 1.900992587008432447e-02
1.755882352941176237e+02 1.334966704359832890e-02
1.773529411764706083e+02 8.650584244251717167e-03
1.791176470588235361e+02 2.776730745068496740e-03
