1.208823529411764639e+02 1.709917521625426752e-04
1.226470588235294201e+02 8.549587608127133759e-05
1.244117647058823479e+02 8.549587608127133759e-05
1.261764705882353041e+02 3.419835043250853504e-04
1.279411764705882320e+02 4.274793804063600896e-04
1.297058823529411598e+02 5.129752564876238242e-04
1.314705882352941160e+02 1.282438141219080160e-03
1.332352941176470722e+02 1.111446389056518430e-03
1.350000000000000000e+02 1.025950512975264128e-03
1.367647058823529278e+02 1.111446389056518430e-03
1.385294117647058840e+02 1.282438141219080160e-03
1.402941176470588402e+02 2.479380406356848556e-03
1.420588235294117680e+02 3.077851538925792819e-03
1.438235294117646959e+02 4.360289680144873413e-03
1.455882352941176237e+02 5.813719573526403631e-03
1.473529411764706083e+02 6.326694830014027889e-03
1.491176470588235361e+02 9.319050492858650322e-03
1.508823529411764639e+02 1.188392677529681064e-02
1.526470588235293917e+02 1.521826594246617446e-02
1.544117647058823763e+02 1.829611748139191654e-02
1.561764705882353041e+02 2.180144840072436793e-02
1.579411764705882320e+02 2.616173808086923874e-02
1.597058823529411598e+02 3.146248239790760265e-02
1.614705882352941160e+02 3.625025145845933716e-02
1.632352941176470722e+02 4.334640917320421727e-02
1.650000000000000000e+02 4.881814524240632447e-02
1.667647058823529278e+02 4.668074834037377191e-02
1.685294117647058840e+02 5.121202977268193846e-02
1.702941176470588402e+02 4.967310400321824082e-02
1.720588235294117680e+02 4.206397103198583620e-02
1.738235294117646959e+02 3.710521021927205843e-02
1.755882352941176237e+02 2.676020921343771550e-02
1.773529411764706083e+02 1.624421645544142298e-02
1.791176470588235361e+02 4.873264936632505477e-03
