1.208823529411764639e+02 0.000000000000000000e+00
1.226470588235294201e+02 0.000000000000000000e+00
1.244117647058823479e+02 0.000000000000000000e+00
1.261764705882353041e+02 0.000000000000000000e+00
1.279411764705882320e+02 1.612597230127122772e-04
1.297058823529411598e+02 0.000000000000000000e+00
1.314705882352941160e+02 3.225194460254245544e-04
1.332352941176470722e+02 0.000000000000000000e+00
1.350000000000000000e+02 4.837791690381368316e-04
1.367647058823529278e+02 4.837791690381290795e-04
1.385294117647058840e+02 4.837791690381368316e-04
1.402941176470588402e+02 8.062986150635483755e-04
1.420588235294117680e+02 2.418895845190684266e-03
1.438235294117646959e+02 3.063934737241532941e-03
1.455882352941176237e+02 4.837791690381290470e-03
1.473529411764706083e+02 5.805350028457547870e-03
1.491176470588235361e+02 9.353063934737311860e-03
1.508823529411764639e+02 1.161070005691528483e-02
1.526470588235293917e+02 1.644849174729638708e-02
1.544117647058823763e+02 2.306014039081748582e-02
1.561764705882353041e+02 2.725289318914837430e-02
1.579411764705882320e+02 3.128438626446618243e-02
1.597058823529411598e+02 4.176626826029181117e-02
1.614705882352941160e+02 4.466894327452130414e-02
1.632352941176470722e+02 4.354012521343161163e-02
1.650000000000000000e+02 5.273192942515691345e-02
1.667647058823529278e+02 4.628154050464767383e-02
1.685294117647058840e+02 4.837791690381368359e-02
1.702941176470588402e+02 4.160500853727910203e-02
1.720588235294117680e+02 3.757351546196195657e-02
1.738235294117646959e+02 3.063934737241533202e-02
1.755882352941176237e+02 2.177006260671580581e-02
1.773529411764706083e+02 1.580345285524555055e-02
1.791176470588235361e+02 4.031493075317807255e-03
