1.208823529411764639e+02 8.186458634306073459e-05
1.226470588235294201e+02 3.274583453722429384e-04
1.244117647058823479e+02 4.093229317153037001e-04
1.261764705882353041e+02 3.274583453722429384e-04
1.279411764705882320e+02 6.549166907444911893e-04
1.297058823529411598e+02 8.186458634306006781e-04
1.314705882352941160e+02 5.730521044014296687e-04
1.332352941176470722e+02 7.367812770875405669e-04
1.350000000000000000e+02 1.309833381488982379e-03
1.367647058823529278e+02 9.823750361167209004e-04
1.385294117647058840e+02 2.210343831262657696e-03
1.402941176470588402e+02 3.110854281036282924e-03
1.420588235294117680e+02 4.420687662525315392e-03
1.438235294117646959e+02 4.093229317153069743e-03
1.455882352941176237e+02 6.631031493787865536e-03
1.473529411764706083e+02 7.777135702590707092e-03
1.491176470588235361e+02 9.168833670422874699e-03
1.508823529411764639e+02 1.154290667437165609e-02
1.526470588235293917e+02 1.645478185495507367e-02
1.544117647058823763e+02 2.013868824039277694e-02
1.561764705882353041e+02 2.324954252142943587e-02
1.579411764705882320e+02 2.930752191081597777e-02
1.597058823529411598e+02 3.037176153327528563e-02
1.614705882352941160e+02 3.847635558123885247e-02
1.632352941176470722e+02 4.412501203890938084e-02
1.650000000000000000e+02 4.723586631994642487e-02
1.667647058823529278e+02 5.083790811904030649e-02
1.685294117647058840e+02 4.903688721949377161e-02
1.702941176470588402e+02 4.396128286622325715e-02
1.720588235294117680e+02 4.158720986227518873e-02
1.738235294117646959e+02 3.323702205528292208e-02
1.755882352941176237e+02 2.390445921217354205e-02
1.773529411764706083e+02 1.522681305980917374e-02
1.791176470588235361e+02 4.338823076182254414e-03
