1.208823529411764639e+02 0.000000000000000000e+00
1.226470588235294201e+02 6.483600305110599933e-05
1.244117647058823479e+02 0.000000000000000000e+00
1.261764705882353041e+02 0.000000000000000000e+00
1.279411764705882320e+02 0.000000000000000000e+00
1.297058823529411598e+02 0.000000000000000000e+00
1.314705882352941160e+02 0.000000000000000000e+00
1.332352941176470722e+02 0.000000000000000000e+00
1.350000000000000000e+02 6.483600305110651433e-05
1.367647058823529278e+02 1.945080091533164259e-04
1.385294117647058840e+02 2.593440122044260573e-04
1.402941176470588402e+02 4.538520213577383090e-04
1.420588235294117680e+02 9.725400457665976878e-04
1.438235294117646959e+02 1.231884057971023745e-03
1.455882352941176237e+02 2.658276125095324505e-03
1.473529411764706083e+02 4.733028222730699570e-03
1.491176470588235361e+02 7.909992372234993935e-03
1.508823529411764639e+02 1.355072463768126206e-02
1.526470588235293917e+02 2.048817696414932665e-02
1.544117647058823763e+02 2.924103737604856826e-02
1.561764705882353041e+02 3.715102974828403404e-02
1.579411764705882320e+02 4.376430205949689844e-02
1.597058823529411598e+02 4.557971014492714912e-02
1.614705882352941160e+02 4.959954233409648999e-02
1.632352941176470722e+02 4.745995423340920727e-02
1.650000000000000000e+02 4.642257818459226415e-02
1.667647058823529278e+02 4.311594202898513806e-02
1.685294117647058840e+02 3.993897787948161998e-02
1.702941176470588402e+02 3.721586575133453700e-02
1.720588235294117680e+02 3.021357742181563638e-02
1.738235294117646959e+02 2.729595728451584408e-02
1.755882352941176237e+02 1.932112890922943124e-02
1.773529411764706083e+02 1.290236460716998913e-02
1.791176470588235361e+02 4.862700228832988331e-03
