1.208823529411764639e+02 0.000000000000000000e+00
1.226470588235294201e+02 3.232553717436773932e-04
1.244117647058823479e+02 0.000000000000000000e+00
1.261764705882353041e+02 3.232553717436773932e-04
1.279411764705882320e+02 3.232553717436799411e-04
1.297058823529411598e+02 0.000000000000000000e+00
1.314705882352941160e+02 0.000000000000000000e+00
1.332352941176470722e+02 1.293021486974699165e-03
1.350000000000000000e+02 0.000000000000000000e+00
1.367647058823529278e+02 0.000000000000000000e+00
1.385294117647058840e+02 6.465107434873598822e-04
1.402941176470588402e+02 1.616276858718373576e-03
1.420588235294117680e+02 2.262787602205759696e-03
1.438235294117646959e+02 1.616276858718399814e-03
1.455882352941176237e+02 2.262787602205723267e-03
1.473529411764706083e+02 3.555809089180422215e-03
1.491176470588235361e+02 3.879064460924159293e-03
1.508823529411764639e+02 1.034417189579775812e-02
1.526470588235293917e+02 1.002091652405391782e-02
1.544117647058823763e+02 1.713253470241475965e-02
1.561764705882353041e+02 1.713253470241503720e-02
1.579411764705882320e+02 2.650694048298175495e-02
1.597058823529411598e+02 3.685111237877892326e-02
1.614705882352941160e+02 3.717436775052319203e-02
1.632352941176470722e+02 4.751853964632018340e-02
1.650000000000000000e+02 5.495341319642559758e-02
1.667647058823529278e+02 5.301388096596265642e-02
1.685294117647058840e+02 5.204411485073247301e-02
1.702941176470588402e+02 5.430690245293735841e-02
1.720588235294117680e+02 4.363947518539679216e-02
1.738235294117646959e+02 4.040692146795999556e-02
1.755882352941176237e+02 2.295113139380090816e-02
1.773529411764706083e+02 1.907206693287680915e-02
1.791176470588235361e+02 5.495341319642558890e-03
