1.208823529411764639e+02 1.297165312273472297e-04
1.226470588235294201e+02 1.297165312273472297e-04
1.244117647058823479e+02 1.945747968410208582e-04
1.261764705882353041e+02 3.891495936820417163e-04
1.279411764705882320e+02 3.891495936820448063e-04
1.297058823529411598e+02 7.134409217504040579e-04
1.314705882352941160e+02 9.080157185914379536e-04
1.332352941176470722e+02 1.102590515432442684e-03
1.350000000000000000e+02 1.297165312273482760e-03
1.367647058823529278e+02 1.621456640341827375e-03
1.385294117647058840e+02 2.724047155774313861e-03
1.402941176470588402e+02 2.594330624546923886e-03
1.420588235294117680e+02 3.826637671206774109e-03
1.438235294117646959e+02 4.864369921025559970e-03
1.455882352941176237e+02 4.864369921025481908e-03
1.473529411764706083e+02 7.004692686276694190e-03
1.491176470588235361e+02 9.339590248369077086e-03
1.508823529411764639e+02 9.469306779596424126e-03
1.526470588235293917e+02 1.381481057571236869e-02
1.544117647058823763e+02 1.686314905955500418e-02
1.561764705882353041e+02 2.458128266758249914e-02
1.579411764705882320e+02 2.607302277669700311e-02
1.597058823529411598e+02 3.022395177597166083e-02
1.614705882352941160e+02 3.800694364961304528e-02
1.632352941176470722e+02 3.975811682118161189e-02
1.650000000000000000e+02 4.695738430430007604e-02
1.667647058823529278e+02 5.266491167830255477e-02
1.685294117647058840e+02 4.916256533516499827e-02
1.702941176470588402e+02 5.013543931936930570e-02
1.720588235294117680e+02 4.300103010186595576e-02
1.738235294117646959e+02 3.599633741558914968e-02
1.755882352941176237e+02 2.581358971424188922e-02
1.773529411764706083e+02 1.627942466903194857e-02
1.791176470588235361e+02 5.772385639616997924e-03
