1.208823529411764639e+02 0.000000000000000000e+00
1.226470588235294201e+02 0.000000000000000000e+00
1.244117647058823479e+02 0.000000000000000000e+00
1.261764705882353041e+02 0.000000000000000000e+00
1.279411764705882320e+02 0.000000000000000000e+00
1.297058823529411598e+02 3.247373447946486340e-04
1.314705882352941160e+02 0.000000000000000000e+00
1.332352941176470722e+02 3.247373447946486340e-04
1.350000000000000000e+02 0.000000000000000000e+00
1.367647058823529278e+02 9.742120343839459021e-04
1.385294117647058840e+02 1.623686723973269191e-03
1.402941176470588402e+02 1.298949379178594536e-03
1.420588235294117680e+02 2.597898758357230706e-03
1.438235294117646959e+02 3.247373447946538382e-03
1.455882352941176237e+02 5.195797516714378145e-03
1.473529411764706083e+02 4.546322827125080443e-03
1.491176470588235361e+02 7.144221585482384874e-03
1.508823529411764639e+02 1.266475644699150034e-02
1.526470588235293917e+02 1.493791786055383673e-02
1.544117647058823763e+02 2.110792741165215883e-02
1.561764705882353041e+02 2.240687679083111852e-02
1.579411764705882320e+02 3.085004775549211528e-02
1.597058823529411598e+02 4.059216809933107600e-02
1.614705882352941160e+02 5.163323782234995746e-02
1.632352941176470722e+02 4.936007640878659064e-02
1.650000000000000000e+02 5.065902578796600136e-02
1.667647058823529278e+02 4.968481375358124036e-02
1.685294117647058840e+02 4.286532951289430404e-02
1.702941176470588402e+02 4.351480420248291653e-02
1.720588235294117680e+02 4.156638013371569129e-02
1.738235294117646959e+02 2.468003820439369084e-02
1.755882352941176237e+02 2.305635148042005367e-02
1.773529411764706083e+02 1.688634192932172984e-02
1.791176470588235361e+02 2.922636103151884761e-03
