1.208823529411764639e+02 0.000000000000000000e+00
1.226470588235294201e+02 0.000000000000000000e+00
1.244117647058823479e+02 0.000000000000000000e+00
1.261764705882353041e+02 0.000000000000000000e+00
1.279411764705882320e+02 0.000000000000000000e+00
1.297058823529411598e+02 1.067973363487866327e-04
1.314705882352941160e+02 2.135946726975767077e-04
1.332352941176470722e+02 2.135946726975732654e-04
1.350000000000000000e+02 5.339866817439417558e-04
1.367647058823529278e+02 3.203920090463598710e-04
1.385294117647058840e+02 5.339866817439417558e-04
1.402941176470588402e+02 1.495162708883012804e-03
1.420588235294117680e+02 1.388365372534248370e-03
1.438235294117646959e+02 2.135946726975767023e-03
1.455882352941176237e+02 4.058298781253891555e-03
1.473529411764706083e+02 4.912677472044184833e-03
1.491176470588235361e+02 8.116597562507913213e-03
1.508823529411764639e+02 1.100012564392519911e-02
1.526470588235293917e+02 1.687397914310828639e-02
1.544117647058823763e+02 2.221384596054762003e-02
1.561764705882353041e+02 3.129161955019498648e-02
1.579411764705882320e+02 3.641789169493682421e-02
1.597058823529411598e+02 4.047619047619013116e-02
1.614705882352941160e+02 4.282573187586412311e-02
1.632352941176470722e+02 4.709762532981490168e-02
1.650000000000000000e+02 4.869958537504748969e-02
1.667647058823529278e+02 5.147631612011515506e-02
1.685294117647058840e+02 5.147631612011598773e-02
1.702941176470588402e+02 4.218494785777072292e-02
1.720588235294117680e+02 3.417514763161227237e-02
1.738235294117646959e+02 2.723332076894103074e-02
1.755882352941176237e+02 2.167985927880368424e-02
1.773529411764706083e+02 1.324286970724954104e-02
1.791176470588235361e+02 4.271893453951534046e-03
