1.208823529411764639e+02 0.000000000000000000e+00
1.226470588235294201e+02 0.000000000000000000e+00
1.244117647058823479e+02 0.000000000000000000e+00
1.261764705882353041e+02 0.000000000000000000e+00
1.279411764705882320e+02 0.000000000000000000e+00
1.297058823529411598e+02 0.000000000000000000e+00
1.314705882352941160e+02 0.000000000000000000e+00
1.332352941176470722e+02 0.000000000000000000e+00
1.350000000000000000e+02 4.840546697038761062e-04
1.367647058823529278e+02 3.227031131359122361e-04
1.385294117647058840e+02 9.681093394077522124e-04
1.402941176470588402e+02 1.452164009111604846e-03
1.420588235294117680e+02 3.227031131359173969e-03
1.438235294117646959e+02 2.742976461655297592e-03
1.455882352941176237e+02 5.485952923310507580e-03
1.473529411764706083e+02 6.776765375854156524e-03
1.491176470588235361e+02 1.145596051632506891e-02
1.508823529411764639e+02 1.306947608200465481e-02
1.526470588235293917e+02 1.952353834472268790e-02
1.544117647058823763e+02 2.936598329536801305e-02
1.561764705882353041e+02 3.711085801063049999e-02
1.579411764705882320e+02 4.082194381169355207e-02
1.597058823529411598e+02 5.292331055428960151e-02
1.614705882352941160e+02 5.356871678056228381e-02
1.632352941176470722e+02 4.421032649961997157e-02
1.650000000000000000e+02 4.598519362186823112e-02
1.667647058823529278e+02 4.582384206529954013e-02
1.685294117647058840e+02 4.195140470766926116e-02
1.702941176470588402e+02 3.420652999240669095e-02
1.720588235294117680e+02 2.823652239939277581e-02
1.738235294117646959e+02 2.275056947608217542e-02
1.755882352941176237e+02 1.274677296886853051e-02
1.773529411764706083e+02 8.390280941533717271e-03
1.791176470588235361e+02 3.065679574791215032e-03
