1.208823529411764639e+02 0.000000000000000000e+00
1.226470588235294201e+02 0.000000000000000000e+00
1.244117647058823479e+02 0.000000000000000000e+00
1.261764705882353041e+02 3.122130394857666399e-04
1.279411764705882320e+02 0.000000000000000000e+00
1.297058823529411598e+02 0.000000000000000000e+00
1.314705882352941160e+02 0.000000000000000000e+00
1.332352941176470722e+02 0.000000000000000000e+00
1.350000000000000000e+02 3.122130394857691336e-04
1.367647058823529278e+02 3.122130394857641463e-04
1.385294117647058840e+02 1.248852157943076534e-03
1.402941176470588402e+02 6.244260789715282926e-04
1.420588235294117680e+02 2.497704315886153069e-03
1.438235294117646959e+02 3.434343434343460361e-03
1.455882352941176237e+02 5.619834710743753549e-03
1.473529411764706083e+02 6.868686868686809700e-03
1.491176470588235361e+02 1.061524334251614902e-02
1.508823529411764639e+02 1.342516069788807220e-02
1.526470588235293917e+02 1.842056932966008170e-02
1.544117647058823763e+02 3.059687786960488265e-02
1.561764705882353041e+02 3.059687786960537531e-02
1.579411764705882320e+02 3.652892561983499264e-02
1.597058823529411598e+02 4.932966023875072492e-02
1.614705882352941160e+02 4.620752984389382700e-02
1.632352941176470722e+02 5.588613406795177319e-02
1.650000000000000000e+02 5.713498622589575221e-02
1.667647058823529278e+02 4.964187327823648549e-02
1.685294117647058840e+02 4.121212121212152607e-02
1.702941176470588402e+02 3.371900826446252303e-02
1.720588235294117680e+02 2.778696051423345040e-02
1.738235294117646959e+02 1.904499540863191509e-02
1.755882352941176237e+02 1.592286501377396940e-02
1.773529411764706083e+02 8.429752066115630757e-03
1.791176470588235361e+02 9.366391184573074008e-04
