1.208823529411764639e+02 3.303215777713007571e-04
1.226470588235294201e+02 3.303215777713007571e-04
1.244117647058823479e+02 0.000000000000000000e+00
1.261764705882353041e+02 1.651607888856503786e-04
1.279411764705882320e+02 1.651607888856517067e-04
1.297058823529411598e+02 6.606431555425962016e-04
1.314705882352941160e+02 6.606431555426068268e-04
1.332352941176470722e+02 6.606431555425962016e-04
1.350000000000000000e+02 3.303215777713034134e-04
1.367647058823529278e+02 9.909647333138941940e-04
1.385294117647058840e+02 1.321286311085213654e-03
1.402941176470588402e+02 2.147090255513437601e-03
1.420588235294117680e+02 2.807733411056078689e-03
1.438235294117646959e+02 3.798698144369989146e-03
1.455882352941176237e+02 4.459341299912523982e-03
1.473529411764706083e+02 5.945788399883364730e-03
1.491176470588235361e+02 7.267074710968674661e-03
1.508823529411764639e+02 9.744486544253449720e-03
1.526470588235293917e+02 1.370834547750886950e-02
1.544117647058823763e+02 1.585543573302230710e-02
1.561764705882353041e+02 2.444379675507644956e-02
1.579411764705882320e+02 2.840765568833209312e-02
1.597058823529411598e+02 3.071990673273071806e-02
1.614705882352941160e+02 4.145535801029857220e-02
1.632352941176470722e+02 3.848246381035622110e-02
1.650000000000000000e+02 4.674050325463942335e-02
1.667647058823529278e+02 5.103468376566555609e-02
1.685294117647058840e+02 5.153016613232332815e-02
1.702941176470588402e+02 5.119984455455120487e-02
1.720588235294117680e+02 4.095987564364162586e-02
1.738235294117646959e+02 3.815214223258554110e-02
1.755882352941176237e+02 2.989410278830247764e-02
1.773529411764706083e+02 1.800252598853574471e-02
1.791176470588235361e+02 4.294180511026943724e-03
