1.208823529411764639e+02 0.000000000000000000e+00
1.226470588235294201e+02 3.301291387513349352e-04
1.244117647058823479e+02 0.000000000000000000e+00
1.261764705882353041e+02 1.650645693756674676e-04
1.279411764705882320e+02 0.000000000000000000e+00
1.297058823529411598e+02 6.602582775026645577e-04
1.314705882352941160e+02 8.253228468783440058e-04
1.332352941176470722e+02 1.485581124380995011e-03
1.350000000000000000e+02 1.320516555005350366e-03
1.367647058823529278e+02 2.641033110010658231e-03
1.385294117647058840e+02 1.980774832508025440e-03
1.402941176470588402e+02 3.136226818137656785e-03
1.420588235294117680e+02 2.971162248762038161e-03
1.438235294117646959e+02 4.456743373143057241e-03
1.455882352941176237e+02 4.786872511894317041e-03
1.473529411764706083e+02 1.122439071754529651e-02
1.491176470588235361e+02 8.253228468783440491e-03
1.508823529411764639e+02 1.006893873191579483e-02
1.526470588235293917e+02 1.716671521506927742e-02
1.544117647058823763e+02 2.129332944946093348e-02
1.561764705882353041e+02 2.608020196135566945e-02
1.579411764705882320e+02 2.558500825322866309e-02
1.597058823529411598e+02 3.532381784639255368e-02
1.614705882352941160e+02 4.077094863579019263e-02
1.632352941176470722e+02 4.489756287018118602e-02
1.650000000000000000e+02 5.034469365957898457e-02
1.667647058823529278e+02 4.671327313331351955e-02
1.685294117647058840e+02 4.918924167394930075e-02
1.702941176470588402e+02 4.110107777454086869e-02
1.720588235294117680e+02 4.093601320516586373e-02
1.738235294117646959e+02 3.037188076512305906e-02
1.755882352941176237e+02 2.393436255947158781e-02
1.773529411764706083e+02 1.419555296630728609e-02
1.791176470588235361e+02 4.456743373143057241e-03
