1.208823529411764639e+02 6.778309409888354968e-05
1.226470588235294201e+02 6.778309409888354968e-05
1.244117647058823479e+02 5.422647527910683975e-04
1.261764705882353041e+02 7.456140350877189923e-04
1.279411764705882320e+02 5.422647527910727343e-04
1.297058823529411598e+02 5.422647527910639522e-04
1.314705882352941160e+02 1.287878787878797473e-03
1.332352941176470722e+02 1.355661881977659935e-03
1.350000000000000000e+02 1.423444976076565982e-03
1.367647058823529278e+02 1.626794258373191965e-03
1.385294117647058840e+02 2.169059011164290937e-03
1.402941176470588402e+02 2.711323763955319870e-03
1.420588235294117680e+02 3.863636363636392852e-03
1.438235294117646959e+02 4.541467304625233445e-03
1.455882352941176237e+02 5.693779904306171986e-03
1.473529411764706083e+02 6.168261562998353202e-03
1.491176470588235361e+02 7.998405103668322289e-03
1.508823529411764639e+02 1.104864433811810626e-02
1.526470588235293917e+02 1.335326953747995038e-02
1.544117647058823763e+02 1.694577352472075027e-02
1.561764705882353041e+02 1.986044657097303656e-02
1.579411764705882320e+02 2.413078149920273516e-02
1.597058823529411598e+02 2.907894736842080510e-02
1.614705882352941160e+02 3.870414673046281007e-02
1.632352941176470722e+02 4.575358851674602573e-02
1.650000000000000000e+02 4.792264752791105392e-02
1.667647058823529278e+02 4.731259968102032726e-02
1.685294117647058840e+02 5.185406698564632572e-02
1.702941176470588402e+02 4.602472089314155884e-02
1.720588235294117680e+02 4.507575757575792152e-02
1.738235294117646959e+02 3.843301435406727695e-02
1.755882352941176237e+02 2.880781499202527199e-02
1.773529411764706083e+02 1.470893141945760901e-02
1.791176470588235361e+02 6.303827751196220373e-03
