4.029411764705882470e-01 0.000000000000000000e+00
4.088235294117646967e-01 0.000000000000000000e+00
4.147058823529412019e-01 0.000000000000000000e+00
4.205882352941176516e-01 0.000000000000000000e+00
4.264705882352941568e-01 0.000000000000000000e+00
4.323529411764706065e-01 0.000000000000000000e+00
4.382352941176470562e-01 0.000000000000000000e+00
4.441176470588235059e-01 0.000000000000000000e+00
4.500000000000000111e-01 9.341685899549433819e-03
4.558823529411765163e-01 0.000000000000000000e+00
4.617647058823529660e-01 2.179726709894868122e-02
4.676470588235294157e-01 1.152141260944430229e-01
4.735294117647058654e-01 4.639703996776174955e-01
4.794117647058823706e-01 1.728211891416645329e+00
4.852941176470588758e-01 5.390152764039972233e+00
4.911764705882353255e-01 1.348316664834968215e+01
4.970588235294117752e-01 2.597611459134712675e+01
5.029411764705882248e-01 3.581290984357268314e+01
5.088235294117646745e-01 3.524618089900001650e+01
5.147058823529411242e-01 2.662069091841553359e+01
5.205882352941176849e-01 1.500274755467639132e+01
5.264705882352941346e-01 6.878594717368233802e+00
5.323529411764705843e-01 2.459977286881350977e+00
5.382352941176470340e-01 6.850569659669584199e-01
5.441176470588235947e-01 9.964464959519207798e-02
5.500000000000000444e-01 6.227790599699622835e-03
5.558823529411764941e-01 0.000000000000000000e+00
5.617647058823529438e-01 0.000000000000000000e+00
5.676470588235293935e-01 0.000000000000000000e+00
5.735294117647058432e-01 0.000000000000000000e+00
5.794117647058822929e-01 0.000000000000000000e+00
5.852941176470587425e-01 0.000000000000000000e+00
5.911764705882353033e-01 0.000000000000000000e+00
5.970588235294117530e-01 0.000000000000000000e+00
