4.029411764705882470e-01 0.000000000000000000e+00
4.088235294117646967e-01 0.000000000000000000e+00
4.147058823529412019e-01 0.000000000000000000e+00
4.205882352941176516e-01 0.000000000000000000e+00
4.264705882352941568e-01 0.000000000000000000e+00
4.323529411764706065e-01 0.000000000000000000e+00
4.382352941176470562e-01 0.000000000000000000e+00
4.441176470588235059e-01 0.000000000000000000e+00
4.500000000000000111e-01 6.270633149517736149e-03
4.558823529411765163e-01 3.135316574758839018e-03
4.617647058823529660e-01 1.881189944855321192e-02
4.676470588235294157e-01 1.018977886796632315e-01
4.735294117647058654e-01 3.746703306836812186e-01
4.794117647058823706e-01 1.313697644823965671e+00
4.852941176470588758e-01 4.232677375924432717e+00
4.911764705882353255e-01 1.064283211301897936e+01
4.970588235294117752e-01 2.097370022684944857e+01
5.029411764705882248e-01 3.110704339647011452e+01
5.088235294117646745e-01 3.414359749912407693e+01
5.147058823529411242e-01 2.963971523948240261e+01
5.205882352941176849e-01 2.064919496136190702e+01
5.264705882352941346e-01 1.109275004149687582e+01
5.323529411764705843e-01 4.325169214879859503e+00
5.382352941176470340e-01 1.182014348684093274e+00
5.441176470588235947e-01 1.771453864738727069e-01
5.500000000000000444e-01 1.567658287379434384e-02
5.558823529411764941e-01 0.000000000000000000e+00
5.617647058823529438e-01 0.000000000000000000e+00
5.676470588235293935e-01 0.000000000000000000e+00
5.735294117647058432e-01 0.000000000000000000e+00
5.794117647058822929e-01 0.000000000000000000e+00
5.852941176470587425e-01 0.000000000000000000e+00
5.911764705882353033e-01 0.000000000000000000e+00
5.970588235294117530e-01 0.000000000000000000e+00
