4.029411764705882470e-01 0.000000000000000000e+00
4.088235294117646967e-01 0.000000000000000000e+00
4.147058823529412019e-01 0.000000000000000000e+00
4.205882352941176516e-01 0.000000000000000000e+00
4.264705882352941568e-01 0.000000000000000000e+00
4.323529411764706065e-01 0.000000000000000000e+00
4.382352941176470562e-01 0.000000000000000000e+00
4.441176470588235059e-01 0.000000000000000000e+00
4.500000000000000111e-01 3.157034615956035278e-03
4.558823529411765163e-01 6.314069231912011575e-03
4.617647058823529660e-01 1.578517307978017856e-02
4.676470588235294157e-01 8.839696924676899992e-02
4.735294117647058654e-01 2.841331154360405287e-01
4.794117647058823706e-01 8.934407963155579502e-01
4.852941176470588758e-01 3.059166542861369908e+00
4.911764705882353255e-01 7.763148120635891658e+00
4.970588235294117752e-01 1.590198336057055073e+01
5.029411764705882248e-01 2.633598276630524992e+01
5.088235294117646745e-01 3.302573911751608904e+01
5.147058823529411242e-01 3.270056455207200230e+01
5.205882352941176849e-01 2.637386718169672406e+01
5.264705882352941346e-01 1.536528747585802535e+01
5.323529411764705843e-01 6.216201158817433736e+00
5.382352941176470340e-01 1.685856484920522869e+00
5.441176470588235947e-01 2.557198038924340389e-01
5.500000000000000444e-01 2.525627692764828222e-02
5.558823529411764941e-01 0.000000000000000000e+00
5.617647058823529438e-01 0.000000000000000000e+00
5.676470588235293935e-01 0.000000000000000000e+00
5.735294117647058432e-01 0.000000000000000000e+00
5.794117647058822929e-01 0.000000000000000000e+00
5.852941176470587425e-01 0.000000000000000000e+00
5.911764705882353033e-01 0.000000000000000000e+00
5.970588235294117530e-01 0.000000000000000000e+00
