9.388450558388156253e+01 1.210179668332679803e+01
1.183991275622931738e+02 5.796060824926423294e+01
1.110227948751576150e+02 1.073049928152135024e+01
1.109817718912690054e+02 3.523336120931594539e+00
1.052731608438131587e+02 6.904812635028784840e+00
1.357812485960990614e+02 6.284444559612858683e+01
8.625485523156378065e+01 6.554348543658361947e+00
8.346996961238711776e+01 2.436076171252859623e+01
2.178733558673949346e+02 5.658469630329101108e+01
1.978471831954031757e+02 8.380317335095820397e+01
1.762030657014496455e+02 6.229947493220482357e+01
1.028130265668796426e+02 8.353586515575473825e+00
9.278828933170576931e+01 1.021521521239773023e+01
