1.981603069030506674e+02 9.782269420731912746e+00
2.174303420964188547e+02 2.862350039621901487e-01
1.800775524350500234e+02 1.789612930882274711e+01
1.896805724744550332e+02 1.929635753998949355e+01
1.706019791639021719e+02 2.900052428742572985e+01
1.232475523135509548e+02 2.703969023789471038e+01
1.694942016446369735e+02 1.107059152182378803e+01
1.273607413891246551e+02 9.578213903863778356e+00
1.342608666444175469e+02 1.722598286578802274e+01
1.705558236271170358e+02 2.253694827513167098e+01
1.273781392107643882e+02 6.257168194578541787e+00
