7.231736560897060428e+01 6.163558070589341575e+00
7.538300733990710967e+01 1.776151265739940044e+01
1.226933238539963895e+02 1.208576289381625379e+01
2.027048986808675011e+02 5.130628561932402931e+01
1.604291752812421237e+02 5.259973555744329587e+01
1.630568411239128466e+02 6.147157953046516354e+01
1.484100595612926270e+02 4.924029316711964555e+01
1.307645310808850354e+02 2.834241155574453686e+01
1.165680540067985334e+02 3.802042767342426544e+01
1.288145770150537146e+02 1.970234624095141740e+01
1.213344966605700819e+02 8.986728668246302121e+00
1.690989973013977590e+02 4.401679437874494027e+01
2.108886138210165200e+02 4.680103016464381227e+01
1.202842821441447541e+02 8.515763184718931456e+00
1.413344991584410195e+02 4.796730974684382431e+01
1.080557441037014144e+02 2.512535781038401694e+00
8.978121624257903477e+01 7.328289429491582574e+00
