3.393468854862230728e+02
2.518937588646322183e+02
2.338375666691955246e+02
1.170673602262970121e+02
1.028097010501771251e+02
nan
8.091374337039184184e+01
1.833793986384923471e+02
4.427434351159568138e+01
4.930693313472107207e+02
5.203329670876545379e+02
6.273467411254819126e+02
4.477876175029172146e+02
2.809175440415141907e+02
2.379787951352172115e+01
2.481904649744988660e+02
1.306971723576999977e+02
3.491471881955868639e+02
2.909674408285724780e+02
7.782506794399766932e+02
4.962420435295759944e+02
2.834096015294949211e+02
2.913805153290734893e+02
3.461395208339230578e+01
4.060282602182523704e+01
