1.298726783009956591e+02 3.314761171217529778e+01
1.674485576200833918e+02 4.382662578981545920e+01
8.169802742926668770e+01 2.128365819876935205e+01
8.826915874201424117e+01 1.108071306114187671e+01
9.596583701925912635e+01 3.286595830019881248e+01
1.149031632897085586e+02 5.528003898066126709e+01
7.177174761895713573e+01 1.672124757923612748e+01
6.099604051437743379e+01 1.319688541496251233e+01
8.712006326125714395e+01 1.192091054756606638e+01
8.235246521386548579e+01 1.884131049215028497e+01
7.969358276944893760e+01 1.679181263922055578e+01
1.924652562225092822e+02 6.629315305570383998e+01
1.447915303641703133e+02 1.544454294115713822e+01
1.970851174279944473e+02 6.292008229762588201e+01
1.228470434533459894e+02 6.368892130102353555e+00
1.621988373875972798e+02 5.731032720641082534e+01
