6.168506906496684223e+02
6.463354548611189898e+01
5.505457609209121301e+02
4.957187016424371677e+02
2.208311954935713857e+02
4.333480044197208372e+02
5.575223428119762730e+02
8.042298915222130518e+02
5.750337674680336022e+02
3.830083311132324297e+02
2.039710621521960832e+02
2.479116656994685997e+01
7.711456206286255792e+02
5.885756932740924867e+02
3.817164252284899817e+02
4.668973308395393360e+02
2.411269298669021737e+02
2.423957625628239612e+02
1.928376702964846174e+02
5.310759655496964342e+02
