8.620886060441435461e+01 7.358813036057375356e+00
1.084929768386308524e+02 2.942379091435980598e+01
1.291861546803259273e+02 5.438169891662752065e+01
9.711257543256662927e+01 8.512423783120782517e+00
1.047448889414417863e+02 3.511620325306333967e+01
1.223819900982043833e+02 9.554159552230586883e+00
1.554019696824884704e+02 5.623800164854797856e+01
1.174169961269503801e+02 3.195484419246243935e+00
6.715183048528561471e+01 1.425108789431756051e+01
9.323587282102867846e+01 1.631441878036508797e+01
2.734825978616373163e+02 1.290705473450317982e+02
1.493694303662087748e+02 7.252481329516527353e+01
1.062223294402076874e+02 8.638031166186221910e+00
7.507279792018921682e+01 1.053250143663385607e+01
