8.556659390827488210e+01 3.622862618161291692e+01
1.102244925713214485e+02 9.886346744801480568e+00
1.704115344050912029e+02 6.397822702840070974e+01
8.800881881066827361e+01 1.025622732787987523e+01
1.052871363759107624e+02 6.542827829000323447e+00
2.217849652873844661e+02 8.818342842843964036e+01
1.075693805123528364e+02 1.258060876352582902e+01
1.518864344729808238e+02 1.703123283600730886e+01
9.734077351314589066e+01 1.069045643763353226e+01
1.384927791944062960e+02 4.970183868863076526e+01
1.048701715307623346e+02 3.893612663681000186e+01
1.044971970843096898e+02 1.246608875386910320e+01
1.549320083578949152e+02 6.236700157932297373e+01
1.049893198879573362e+02 7.554312650871555235e+00
1.106489700917241521e+02 3.527485687902566447e+00
1.141183242103192867e+02 3.063700395082491923e+00
1.435920948751046637e+02 7.134167974805443180e+01
9.030422212460725007e+01 3.679235901086232730e+01
1.106325074582971553e+02 4.730251955922646800e+01
5.669733658998471526e+01 2.453755519280206698e+01
1.173947869012444016e+02 7.302907114787514642e-01
