4.324615797304971920e+02
3.400546740948449838e+02
4.628690062851750326e+02
2.278786889736146009e+02
1.922589539116010542e+02
9.925319389532605783e+02
2.286120902122093810e+02
7.930639514679211288e+02
1.995119082859700086e+02
3.735779347973285098e+02
4.600162730711625727e+02
2.959004447604155530e+02
1.651942643515726559e+02
1.514802357276197711e+02
3.531108731533587388e+02
3.062669047370356452e+02
2.439428478740180708e+02
1.576903956941065985e+02
6.623835866273725514e+02
5.910469459198752702e+02
1.187096001698498355e+02
6.948435262345308274e+02
6.569642221701978997e+02
4.559753604610651223e+01
