1.953761188097828949e+02 8.421237791337574663e+01
1.852535104711399470e+02 3.462167035016899064e+01
1.694300127347995897e+02 5.964857635863013030e+01
1.418393560604293668e+02 6.939071470519708384e+01
9.554823957337924867e+01 9.485099358735306296e+00
8.085309101909251694e+01 8.276384595682845458e+00
1.753818137890966682e+02 2.702768641134557370e+01
1.738879280961801896e+02 4.844052126674784375e+01
2.124250491392633649e+02 9.367244932957869707e+01
1.872770421372765952e+02 8.646111002896907394e+01
1.636844752953651607e+02 4.111204969562868428e+01
1.061188678194526460e+02 3.395722682190849184e+01
