1.466769768199694679e-01 1.513411251035872984e-01 2.154959365236674973e-01 4.855155115671816457e-01 4.441028561232695182e+00 1.278108172847745860e-01 7.617616146924293119e-01 1.456987857169893541e+00
1.099631423604859604e-01 1.240125984135930365e-01 2.637960084864881538e-01 4.927977035876033307e-01 4.746313419679571766e+00 4.599685620792080543e-01 7.464132236396401332e-01 1.600399811657347016e+00
1.087808445111985572e-01 1.303682137980343159e-01 2.130235043395203864e-01 4.940806981751448279e-01 4.176817836803457418e+00 4.562704291427603920e-01 7.979151607554164638e-01 1.339346014765341319e+00
1.135859505741981940e-01 1.826695906286192883e-01 2.500345881398245429e-01 4.823974259645601448e-01 4.822274855784570491e+00 2.320172372901483371e-01 6.966329869993012069e-01 1.255606522525515079e+00
1.369861519127777982e-01 1.794192742314437705e-01 2.309296787376128313e-01 4.992047520733861599e-01 2.496114756277831415e+00 6.346091641912497971e-01 6.956575448498050207e-01 1.276793139206777727e+00
1.372097210203875040e-01 1.378727269503716713e-01 2.204195544516213967e-01 3.166414299093552320e-01 5.506209926211957928e+00 3.302577616425330098e-01 9.736697181700102455e-01 1.234968612447071568e+00
1.100675294533942500e-01 1.815159591146132123e-01 2.744682554936384022e-01 4.974043926979331842e-01 2.667277762884983972e+00 5.184791897847791375e-01 6.980415920756711801e-01 1.372495245486610838e+00
1.079261511185575645e-01 1.409778824211445902e-01 2.462912354178461438e-01 4.939724023595551960e-01 5.226440927393561253e+00 3.636221766290493873e-01 7.238379994478003621e-01 1.579467948960886936e+00
1.709124656451109781e-01 1.745993017700775418e-01 2.481779025865057386e-01 4.928898335737219583e-01 3.215537691980136614e+00 3.109404114012077613e-01 7.447714584611635491e-01 1.739974912402486584e+00
1.277211576553553829e-01 1.671008475536182036e-01 2.551830788966004127e-01 4.838990542993544253e-01 3.474412784212049576e+00 1.480542367714037799e-01 7.178664711894524597e-01 1.070308472623341611e+00
1.010105617439766568e-01 1.782331208717851667e-01 2.644398326264054688e-01 4.991786467566890484e-01 5.830455829567449122e+00 4.062172343662329710e-01 6.851756001907945981e-01 1.761126136229370642e+00
1.290237544506359080e-01 1.303833865738410203e-01 2.141177138412353187e-01 3.313556644745854207e-01 5.730297317418111547e+00 5.929196010129236249e-01 9.837101696953924890e-01 1.973899536440321789e+00
1.500989993147201496e-01 1.606634500476410155e-01 2.271200595523267807e-01 4.953427222128233276e-01 3.769876034116180552e+00 6.118990808033263340e-01 7.114665522494780792e-01 1.544962938968908128e+00
1.276666132188067626e-01 1.396792828584582369e-01 2.075576806227101279e-01 3.922920457474277089e-01 2.058511733083664197e+00 7.728506680758728820e-01 9.258702466264923103e-01 1.374880196467249682e+00
1.251096402023588738e-01 1.615116286613060004e-01 3.015691410202828160e-01 4.710662287249370306e-01 5.845996389855950603e+00 9.782358001385310642e-02 7.687672207808904368e-01 1.608885377310680154e+00
1.169350613790819948e-01 1.384807249444266197e-01 2.698066014599493356e-01 3.075058561380362154e-01 5.732159413878784804e+00 1.520097031174313662e-01 9.630006968612985219e-01 1.023182604940258589e+00
1.638186636584836875e-01 1.774462932781260271e-01 2.648755229542943401e-01 4.789044493381050538e-01 2.462492889056332679e+00 2.354786495914076849e-01 7.727868795568826332e-01 1.102508226002354652e+00
1.084392523845125328e-01 1.550537928345006589e-01 2.234188719914554089e-01 4.889353649525110534e-01 5.947733834234523620e+00 1.351741547604528026e-01 7.798540331120746849e-01 1.789295632787399226e+00
1.127649300470942723e-01 1.353540608445151783e-01 2.532176086833600182e-01 3.226592772442890555e-01 5.402547446522545371e+00 3.855225603456144956e-01 9.839091771742918269e-01 1.334198965831713490e+00
1.633059998138156887e-01 1.646762823857254032e-01 2.053388529909028204e-01 4.506762739338225354e-01 1.169388094601713446e+00 6.925894607514707646e-01 8.537614081096138730e-01 1.394302849773124464e+00
1.576825216554577080e-01 1.752115551633303125e-01 2.162038148171959995e-01 4.918935774131113492e-01 4.393237412677382991e+00 1.261448695996789937e-01 7.950115364672147855e-01 1.620172561627032604e+00
1.060378593076034132e-01 1.496747175771042104e-01 2.089115383697577044e-01 4.771101986969165099e-01 4.813890619082487277e+00 1.192600461613533558e-01 7.792688626794264106e-01 1.435599599890614142e+00
1.028697470754685733e-01 1.654820738481501130e-01 2.768826912539967267e-01 4.870249403192483673e-01 5.202188436247530134e+00 2.816575761870293015e-01 7.321992010633950887e-01 1.657575139870558267e+00
1.341046963535154068e-01 1.716221265080093983e-01 2.691802523800760349e-01 4.997792450221915095e-01 3.141882377208343513e+00 1.293125715097517836e-01 8.371950867565531862e-01 1.423011549665210040e+00
1.043416870293604748e-01 1.432284023588411004e-01 2.538998072882420187e-01 3.224249583997123025e-01 4.675036892784641296e+00 6.510485175963658389e-01 9.575198729783716001e-01 1.730126678714693611e+00
1.462927069735975860e-01 1.670208010276744148e-01 2.101237382793016140e-01 4.815592385774790651e-01 4.520194040255173462e+00 1.719471592940694515e-01 7.845160795622059258e-01 1.729315725891912514e+00
1.081796185425835666e-01 1.674751593022138774e-01 2.234731772406257921e-01 4.781455517876064265e-01 3.811018070237832234e+00 1.978122424773259280e-01 7.562350045388550601e-01 1.101805780513286592e+00
1.602638506726726253e-01 1.665355828654989656e-01 3.158036986865267459e-01 4.976704603622275624e-01 5.133912547992436792e+00 6.804102418062235591e-02 7.148703503993958375e-01 1.948455378034037233e+00
1.319153225330546853e-01 1.370705921372306346e-01 2.395477050225541527e-01 3.430408500065821320e-01 2.549795583550656275e+00 5.688808503704700925e-01 9.723624243339397122e-01 1.012835235367703035e+00
1.114585051354166495e-01 1.616028443801334480e-01 2.575218040631201410e-01 4.956874745532697801e-01 5.306431470241841808e+00 1.661821240940796196e-01 6.873219830032153421e-01 1.265479534968283692e+00
1.697407676486545336e-01 1.820693997780428175e-01 2.068277630017691660e-01 4.813238216614187936e-01 1.553594067102706200e+00 4.933860197680758897e-01 7.960165858314900422e-01 1.181236503548265704e+00
1.027287902096665761e-01 1.491841373654158032e-01 2.407512194237361736e-01 4.967000305904659130e-01 2.954485443346751339e+00 2.735959784640299430e-01 7.929711951971327721e-01 1.107744584842984104e+00
1.067545105446370407e-01 1.409554112426208705e-01 2.570447507231823359e-01 3.040453296719447529e-01 5.501751588232676404e+00 6.057446817145594187e-01 9.723186853022649512e-01 1.365440356519329601e+00
1.268509867110350353e-01 1.441584685174306935e-01 2.195203567793302390e-01 4.935734638038350441e-01 5.630235482785300505e+00 1.991328311420653141e-01 8.090589466960371734e-01 1.530626050975150587e+00
1.529561414251339180e-01 1.636891322293283768e-01 2.562154430331109456e-01 4.936804010982550617e-01 4.690272514173106089e+00 3.361512965878102333e-01 7.700604553248400208e-01 1.821212289174933829e+00
1.517756826544333359e-01 1.559766229981108809e-01 2.230766153512066252e-01 4.902427700482017703e-01 4.873958676887709451e+00 2.000141491931693438e-01 7.971358502467524865e-01 1.708512810824420747e+00
1.026963237066766677e-01 1.640394134361922718e-01 2.670752224051057278e-01 4.762456545994181445e-01 3.852237435937874377e+00 4.022365322761218831e-01 7.603941909978335634e-01 1.505927740533686610e+00
1.135435999812735852e-01 1.327414438266797114e-01 2.458516710066807331e-01 4.854447683852347040e-01 3.532676716790799532e+00 3.844660154141410491e-01 7.957295815021776519e-01 1.240360024499479019e+00
1.309033862499459078e-01 1.377747627839648881e-01 2.539019412613967575e-01 3.101562124706730428e-01 4.444298261455109866e+00 2.262630925235137314e-01 9.743943574665798746e-01 1.148885206889275867e+00
1.180191366286177795e-01 1.459491891160143995e-01 2.529708258361057505e-01 4.789273944452656639e-01 5.487173913574985740e+00 6.759040403819360776e-02 7.603374814911370017e-01 1.508950668221741953e+00
1.293589500559271521e-01 1.413866092877739677e-01 2.477527833854396566e-01 4.921532807695535028e-01 2.967522011186348507e+00 5.250260977814370511e-01 7.731805170985450726e-01 1.165664433449048243e+00
1.187425440559289336e-01 1.725727483566049936e-01 2.398100455049590185e-01 4.841170488889498524e-01 5.723221667697884207e+00 1.227109652332117051e-01 7.296396011538441861e-01 1.433833838556914486e+00
1.759824913598045659e-01 1.789621394908612051e-01 2.951364422231468332e-01 4.329412933798028051e-01 2.795777940926555072e+00 1.403431291275695214e-01 8.139862493781890862e-01 1.374539743520084123e+00
1.276197380561243655e-01 1.574596697294579906e-01 2.041943096770632016e-01 4.966421945340527278e-01 4.131414557690425760e+00 3.963252984517501298e-01 6.858392824988370773e-01 1.008451633016485882e+00
1.294722058069708859e-01 1.784728759154206035e-01 3.065000979111467405e-01 4.993698908053373908e-01 3.635395423401545756e+00 6.612999609661812661e-02 7.682449006300735572e-01 1.353480718653607084e+00
1.179764527522832451e-01 1.651530347672620636e-01 2.657192752352609544e-01 4.799998761531680258e-01 4.206518278399450139e+00 5.397274795269565439e-01 7.280124639280984855e-01 1.325457879086049839e+00
1.174371103411551848e-01 1.529864917928112078e-01 2.678903434701708219e-01 4.957371954633059130e-01 4.353823822920912079e+00 2.616530277635647495e-01 8.284453834072558198e-01 1.787867124608262248e+00
1.296596003829363353e-01 1.474109399982034829e-01 2.375529558475216740e-01 3.645245936293982081e-01 4.783113424043015982e+00 5.998767747989016685e-01 9.043556662150735725e-01 1.835898918457952389e+00
1.472574879976600026e-01 1.778916853739887505e-01 2.125800672199504027e-01 4.792579246042443786e-01 4.122340388305714143e+00 3.067574245856921622e-01 7.144784337659026985e-01 1.242784262111417570e+00
1.588982578601016993e-01 1.804780610881499270e-01 2.115498615292465689e-01 4.785276893044415059e-01 2.343551764407564519e+00 5.634162145708337954e-01 7.796480201754478756e-01 1.733824641361291885e+00
