1.345954607650524508e+02 2.006110109571669398e+01
1.220376917991183063e+02 4.212551914030301248e+01
1.117824724500851659e+02 2.222015426906866153e+01
7.004500035172789296e+01 1.318097395114079973e+01
1.039911487501128278e+02 1.414653205704130112e+00
9.878282144949719168e+01 1.267939567968157633e+01
9.705084747652919930e+01 1.721982430285915910e+01
1.703439773051258044e+02 3.775906404531547622e+01
1.404770404651161186e+02 9.444163854837224648e+00
1.077420960372977987e+02 1.219477073053095317e+01
1.207287031789946923e+02 3.900387391699272843e+00
9.739124409138298688e+01 4.976687094506239362e+00
1.687151911327719915e+02 2.561479971829906432e+01
1.368352282674823073e+02 5.275694074846549597e+01
1.040179712306864985e+02 1.342957444619720953e+01
1.776445926371985706e+02 4.180427207693467295e+01
9.864765686789104393e+01 5.919647384808492063e+00
9.338341930217242748e+01 2.304002424425185769e+00
