1.228486625406705173e+02
8.722478486724251923e+01
7.360657080232563203e+02
7.437635020619695752e+02
2.388179607226936128e+02
8.290641419611411322e+01
1.659200872100261392e+02
2.646410292380023748e+02
9.789874044625372562e+01
3.278662980829737990e+02
3.088909628118043997e+02
5.690439069870934929e+01
1.640117374645287782e+02
1.980711669969194020e+02
1.123876172700799430e+02
2.480364701712361750e+02
5.594829675362601620e+02
6.999686506551400953e+02
4.328936383314012346e+02
4.502387192993490572e+01
4.751967565616035358e+02
1.624132107806644285e+02
4.549712690992290050e+02
1.138510858164138710e+02
