1.001739151262257792e+02 2.646006709758124487e+01
1.109820181944799771e+02 1.811193031375609053e+01
2.182508118044634671e+02 5.748105965233672521e+01
8.157190870431286100e+01 8.948112569243054537e+00
1.027041775516619424e+02 2.205126344100513336e+01
1.618730252075075384e+02 6.720224020922120189e+01
9.425908220621806777e+01 3.755879932672650856e+00
9.848799836082326919e+01 2.195207429689610024e+00
1.056662658108665767e+02 2.548387338416994652e+01
9.827963001609572302e+01 2.016793909639721605e+01
1.235662005331747650e+02 5.265806703896602414e+01
1.569742794909420809e+02 6.487946216381236297e+01
9.516857326771713588e+01 3.283081281077832703e+00
1.074718680791715286e+02 6.526676163133041442e+00
5.594006080064548314e+01 4.179318514078437019e+00
8.151426141841511708e+01 1.774812525940068753e+01
9.255225823364344251e+01 1.440410578055603708e+01
