1.565857754258213390e+02
1.658371193016891709e+02
6.232064017760072829e+02
5.101356094216528803e+00
nan
3.455765409642210102e+02
6.299851899557047119e+01
1.099014550318701566e+02
1.458516795711232987e+02
1.992222205409960907e+02
7.549554103938124854e+02
7.797073118951678339e+01
3.889808874821272866e+01
1.638810883022618725e+02
2.859325036382425651e+02
2.033700943425912726e+02
2.775785182005397473e+02
4.028868455249472902e+01
3.121655888566626231e+02
3.061682498654639062e+01
2.116309724775686902e+02
nan
9.951737088029760514e+01
6.291153554002908095e+02
